Date;SeqRank;Ident;Paint Color;HPRC1;HPRC2;HPRC3;HPRC4;HPRC5;LPRC1;LPRC2;LPRC3;LPRC4;LPRC5;LPRC6;LPRC7;LPRC8
2003 38 4;1247;024033740340;1;1;0;1;0;0;0;0;0;0;0;0;0;0
2003 38 4;1248;024033810969;2;1;0;1;0;0;0;0;0;0;0;0;0;0
2003 38 4;1249;024033830271;2;0;0;0;1;0;0;0;0;1;0;0;1;0
2003 38 4;1250;024033750156;3;1;0;1;0;0;0;0;0;0;1;1;0;0
2003 38 4;1251;024033810876;3;1;0;1;0;0;0;0;0;0;0;0;0;0
2003 38 4;1252;024033830855;3;0;0;0;0;1;0;0;0;0;0;0;0;0
2003 38 4;1253;024033740604;3;1;0;1;0;0;0;0;0;0;0;0;0;0
2003 38 4;1254;024033750159;3;1;0;1;0;0;0;0;0;0;1;1;0;0
2003 38 4;1255;024033830267;4;0;0;0;1;0;0;0;0;1;0;0;1;0
2003 38 4;1256;024033740365;5;1;0;1;0;0;0;0;0;0;0;0;0;0
2003 38 4;1257;024033810485;5;1;0;1;0;0;0;0;0;0;0;0;0;0
2003 38 4;1258;024033830820;3;0;0;0;0;1;0;0;0;0;0;0;0;0
2003 38 4;1259;024033740468;3;1;0;1;0;0;0;0;0;0;0;0;0;0
2003 38 4;1260;024033750177;3;1;0;1;0;0;0;0;0;0;1;1;0;0
2003 38 5;1;024033540754;6;0;1;1;0;0;0;0;0;0;0;0;0;0
2003 38 5;2;024033720035;6;1;0;1;0;0;0;0;0;0;0;0;0;0
2003 38 5;3;024033821224;3;1;0;0;0;0;0;0;0;0;0;0;0;0
2003 38 5;4;024033840813;3;0;0;1;0;1;0;0;0;0;0;0;0;0
2003 38 5;5;024033820149;3;1;0;1;0;0;0;0;1;0;1;1;0;0
2003 38 5;6;024033830059;7;1;0;0;0;0;0;0;0;0;0;0;0;0
2003 38 5;7;024033740372;7;0;0;1;1;0;0;0;0;0;0;0;0;0
2003 38 5;8;024033840793;7;1;0;0;0;0;0;0;0;1;0;0;1;0
2003 38 5;9;024033820976;7;0;0;1;0;1;0;0;0;0;0;0;0;0
2003 38 5;10;024033720054;7;1;0;1;0;0;0;0;0;0;0;0;0;0
2003 38 5;11;024033821134;1;1;0;0;0;0;0;0;0;0;0;0;0;0
2003 38 5;12;024033740512;1;1;0;1;0;0;0;0;0;0;0;0;0;0
2003 38 5;13;024033840780;1;0;0;1;0;1;0;0;0;0;0;0;0;0
2003 38 5;14;024033811072;1;1;0;0;0;0;0;0;0;0;0;0;0;0
2003 38 5;15;024033740308;3;0;0;1;1;0;0;0;0;0;0;1;0;0
2003 38 5;16;024033830868;8;1;0;0;0;0;0;0;0;1;0;0;1;0
2003 38 5;17;024033821167;9;1;0;1;0;0;0;0;0;0;0;0;0;0
2003 38 5;18;024033710219;9;0;0;0;0;1;0;0;0;0;0;0;0;0
2003 38 5;19;024033820184;9;1;0;1;0;0;0;0;0;0;1;0;0;0
2003 38 5;20;024033820401;9;1;0;1;0;0;0;0;0;0;0;0;0;0
2003 38 5;21;024033830778;9;0;0;0;1;0;0;0;0;1;0;0;1;0
2003 38 5;22;024033750571;9;1;0;1;0;0;0;0;0;0;0;0;0;0
2003 38 5;23;024033821083;9;1;0;1;0;0;0;0;0;0;0;0;0;0
2003 38 5;24;024033710400;9;0;0;0;0;1;0;1;0;0;0;0;0;0
2003 38 5;25;024033811371;9;1;0;1;0;0;0;0;0;0;0;0;0;0
2003 38 5;26;024033830790;9;1;0;0;0;0;0;0;0;0;0;0;0;0
2003 38 5;27;024033740379;3;0;0;1;1;0;0;0;0;0;0;1;0;0
2003 38 5;28;024033820153;3;1;0;1;0;0;0;0;0;0;0;0;0;0
2003 38 5;29;024033830004;3;0;0;0;0;1;0;0;0;0;0;0;0;0
2003 38 5;30;024033820980;3;1;0;1;0;0;0;0;0;0;0;0;0;0
2003 38 5;31;024033830900;3;1;0;0;0;0;0;0;0;0;0;0;0;0
2003 38 5;32;024033740141;3;0;0;1;1;0;0;0;0;1;0;1;1;0
2003 38 5;33;024033811214;2;1;0;1;0;0;0;0;0;0;1;0;0;0
2003 38 5;34;024033840196;10;0;0;0;0;1;0;0;0;0;0;0;0;0
2003 38 5;35;024033740337;10;1;0;1;0;0;0;0;0;0;0;0;0;0
2003 38 5;36;024033830794;10;1;0;0;0;0;0;0;0;1;0;0;1;0
2003 38 5;37;024033821182;11;0;1;1;0;0;0;0;0;0;0;0;0;0
2003 38 5;38;024033820573;11;1;0;1;0;0;0;0;0;0;0;0;0;0
2003 38 5;39;024033830007;7;1;0;0;0;0;0;0;0;0;1;0;0;0
2003 38 5;40;024033741040;7;0;0;1;0;1;0;0;0;0;0;0;0;0
2003 38 5;41;024033830952;3;1;0;1;0;0;0;0;0;0;0;1;0;0
2003 38 5;42;024033821082;3;0;0;1;1;0;0;0;0;0;0;0;0;0
2003 38 5;43;024033720679;9;1;0;0;0;0;0;0;0;1;0;0;1;0
2003 38 5;44;024033821188;9;1;0;1;0;0;0;0;0;0;0;0;0;0
2003 38 5;45;024033830318;9;0;0;1;0;1;0;0;0;0;0;0;0;0
2003 38 5;46;024033750451;9;1;0;0;0;0;0;1;0;0;1;0;0;0
2003 38 5;47;024033820539;9;1;0;1;0;0;0;0;0;0;0;0;0;0
2003 38 5;48;024033830906;3;0;0;1;1;0;0;0;0;0;0;1;0;0
2003 38 5;49;024033750201;5;1;0;0;0;0;1;0;0;0;0;0;0;0
2003 38 5;50;024033821044;5;1;0;0;0;0;0;0;0;1;0;0;1;0
2003 38 5;51;024033820298;5;0;0;1;0;1;0;0;0;0;0;0;0;0
2003 38 5;52;024033740537;5;1;0;1;0;0;0;0;0;0;0;0;0;0
2003 38 5;53;024033820165;5;1;0;0;0;0;0;0;0;1;0;0;1;0
2003 38 5;54;024033840764;5;0;1;1;0;0;0;0;0;0;0;0;0;0
2003 38 5;55;024033740387;3;1;0;1;0;0;0;0;0;0;0;1;0;0
2003 38 5;56;024033820271;3;1;0;1;0;0;0;0;0;0;0;0;0;0
2003 38 5;57;024033830238;3;0;0;0;0;1;0;0;0;0;0;0;0;0
2003 38 5;58;024033810953;3;1;0;1;0;0;0;0;0;0;0;0;0;0
2003 38 5;59;024033840789;3;0;0;1;1;0;0;0;0;1;0;1;1;0
2003 38 5;60;024033821148;1;1;0;0;0;0;0;0;0;0;1;0;0;0
2003 38 5;61;024033720052;1;1;0;1;0;0;0;0;0;0;0;0;0;0
2003 38 5;62;024033820812;1;0;0;1;0;1;0;0;0;0;0;0;0;0
2003 38 5;63;024033820384;10;1;0;0;0;0;0;0;0;0;0;0;0;0
2003 38 5;64;024033740643;10;1;0;1;0;0;0;0;0;0;0;0;0;0
2003 38 5;65;024033840776;10;0;0;1;1;0;0;0;0;1;0;0;1;0
2003 38 5;66;024033750478;10;1;0;0;0;0;0;0;0;0;0;0;0;0
2003 38 5;67;024033740560;10;1;0;1;0;0;0;0;0;0;0;0;0;0
2003 38 5;68;024033820926;1;0;0;1;0;1;0;0;0;0;0;0;0;0
2003 38 5;69;024033811352;1;1;0;0;0;0;0;0;0;1;0;0;1;0
2003 38 5;70;024033740310;1;1;0;1;0;0;0;0;0;0;0;0;0;0
2003 38 5;71;024033820814;12;0;0;1;1;0;0;0;0;0;0;1;0;0
2003 38 5;72;024033830886;12;1;0;0;0;0;0;0;0;0;0;0;0;0
2003 38 5;73;024033740478;12;1;0;1;0;0;0;0;0;0;0;0;0;0
2003 38 5;74;024033820855;12;0;0;1;0;1;0;0;0;0;0;0;0;0
2003 38 5;75;024033840247;11;1;0;0;0;0;0;0;0;1;0;0;1;0
2003 38 5;76;024033750455;11;1;0;1;0;0;0;0;0;0;0;0;0;0
2003 38 5;77;024033830704;11;0;1;1;0;0;0;0;0;0;0;0;0;0
2003 38 5;78;024033821001;7;0;0;0;0;1;0;1;0;0;0;0;0;0
2003 38 5;79;024033730108;7;1;0;1;0;0;0;0;0;0;0;0;0;0
2003 38 5;80;024033830715;10;1;0;1;0;0;0;0;0;0;0;0;0;0
2003 38 5;81;024033820562;3;0;0;0;1;0;0;0;0;1;0;1;1;0
2003 38 5;82;024033740661;3;1;0;1;0;0;0;0;0;0;0;0;0;0
2003 38 5;83;024033830256;3;1;0;1;0;0;0;0;0;0;0;0;0;0
2003 38 5;84;024033820177;3;0;0;0;0;1;0;0;0;0;0;0;0;0
2003 38 5;85;024033840765;3;1;0;1;0;0;0;0;1;0;1;1;0;0
2003 38 5;86;024033740442;3;1;0;0;0;0;0;0;0;1;0;0;1;0
2003 38 5;87;024033820581;3;0;0;1;1;0;0;0;0;0;0;0;0;0
2003 38 5;88;024033821197;5;1;0;1;0;0;0;0;0;0;0;0;0;0
2003 38 5;89;024033821002;5;1;0;0;0;0;0;0;0;0;0;0;0;0
2003 38 5;90;024033821226;5;1;0;1;0;0;0;0;0;0;0;0;0;0
2003 38 5;91;024033840822;5;0;0;1;0;1;0;0;0;0;0;0;0;0
2003 38 5;92;024033821225;5;1;0;0;0;0;0;0;0;0;1;0;0;0
2003 38 5;93;024033830277;3;1;0;1;0;0;0;0;0;0;0;0;0;0
2003 38 5;94;024033820555;3;0;0;0;1;0;0;0;0;0;0;1;0;0
2003 38 5;95;024033750007;6;1;0;1;0;0;0;0;0;0;0;0;0;0
2003 38 5;96;024033830714;6;1;0;1;0;0;0;0;0;0;0;0;0;0
2003 38 5;97;024033820156;7;0;0;0;0;1;0;1;0;0;0;0;0;0
2003 38 5;98;024033820824;8;1;0;1;0;0;0;0;0;0;0;0;0;0
2003 38 5;99;024033720170;8;1;0;0;0;0;0;0;0;0;1;0;0;0
2003 38 5;100;024033821040;3;0;1;1;0;0;0;0;0;0;0;0;0;0
2003 38 5;101;024033811118;3;1;0;1;0;0;0;0;0;0;0;0;0;0
2003 38 5;102;024033750967;3;0;0;0;1;0;0;0;0;1;0;1;1;0
2003 38 5;103;024033820583;1;1;0;1;0;0;0;0;0;0;0;0;0;0
2003 38 5;104;024033820984;1;0;0;0;0;1;0;1;0;0;0;0;0;0
2003 38 5;105;024033830028;1;1;0;1;0;0;0;0;0;0;0;0;0;0
2003 38 5;106;024033821168;1;1;0;1;0;0;0;0;0;0;0;0;0;0
2003 38 5;107;024033840769;1;1;0;0;0;0;0;0;0;0;0;0;0;0
2003 38 5;108;024033720206;1;1;0;1;0;0;0;0;0;0;0;0;0;0
2003 38 5;109;024033830166;1;0;0;1;0;1;0;0;0;0;0;0;0;0
2003 38 5;110;024033821215;8;1;0;0;0;0;0;0;0;0;0;0;0;0
2003 38 5;111;024033630887;8;0;0;1;1;0;0;0;0;0;0;1;0;0
2003 38 5;112;024033830706;8;1;0;1;0;0;0;0;0;0;0;0;0;0
2003 38 5;113;024033820534;8;1;0;0;0;0;0;1;0;0;1;0;0;0
2003 38 5;114;024033740317;6;0;0;1;0;1;0;0;0;0;0;0;0;0
2003 38 5;115;024033840020;6;1;0;1;0;0;0;0;0;0;0;0;0;0
2003 38 5;116;024033820188;7;1;0;0;0;0;1;0;0;0;0;0;0;0
2003 38 5;117;024033740882;12;0;0;1;1;0;0;0;0;0;0;1;0;0
2003 38 5;118;024033830217;1;1;0;1;0;0;0;0;0;0;0;0;0;0
2003 38 5;119;024033820150;1;0;0;0;0;1;0;0;0;0;0;0;0;0
2003 38 5;120;024033830216;1;1;0;1;0;0;0;0;0;0;0;0;0;0
2003 38 5;121;024033820921;1;1;0;0;0;0;0;0;0;1;0;0;1;0
2003 38 5;122;024033821139;1;0;1;1;0;0;0;0;0;0;0;0;0;0
2003 38 5;123;024033830707;1;1;0;1;0;0;0;0;0;0;0;0;0;0
2003 38 5;124;024033740080;3;1;0;1;0;0;0;0;1;0;1;1;0;0
2003 38 5;125;024033820883;3;0;0;0;0;1;0;0;0;0;0;0;0;0
2003 38 5;126;024033830208;3;1;0;1;0;0;0;0;0;0;0;0;0;0
2003 38 5;127;024033750359;3;1;0;1;0;0;0;0;0;1;0;0;1;0
2003 38 5;128;024033820954;3;0;0;0;1;0;0;0;0;0;0;0;0;0
2003 38 5;129;024033830708;3;1;0;1;0;0;0;0;0;0;0;1;0;0
2003 38 5;130;024033821162;7;0;0;1;0;1;0;0;0;0;0;0;0;0
2003 38 5;131;024033820940;7;1;0;0;0;0;0;0;0;0;1;0;0;0
2003 38 5;132;024033720144;7;1;0;1;0;0;0;0;0;1;0;0;1;0
2003 38 5;133;024033820983;7;0;0;0;0;1;0;0;0;0;0;0;0;0
2003 38 5;134;024033821199;7;1;0;0;0;0;0;0;0;0;0;0;0;0
2003 38 5;135;024033840811;2;0;0;1;1;0;0;0;0;0;0;1;0;0
2003 38 5;136;024033821175;2;1;0;1;0;0;0;0;0;0;0;0;0;0
2003 38 5;137;024033740697;2;1;0;0;0;0;0;1;0;0;1;0;0;0
2003 38 5;138;024033820552;6;0;1;1;0;0;0;0;0;0;0;0;0;0
2003 38 5;139;024033730158;9;1;0;1;0;0;0;0;0;0;0;0;0;0
2003 38 5;140;024033740386;9;1;0;0;0;0;1;0;0;0;0;0;0;0
2003 38 5;141;024033820166;9;0;0;1;0;1;0;0;0;0;0;0;0;0
2003 38 5;142;024033830724;9;1;0;1;0;0;0;0;0;0;0;0;0;0
2003 38 5;143;024033740422;9;1;0;0;0;0;0;1;0;0;1;0;0;0
2003 38 5;144;024033820818;9;0;0;1;1;0;0;0;1;1;0;1;1;0
2003 38 5;145;024033830249;9;1;0;0;0;0;0;0;0;0;0;0;0;0
2003 38 5;146;024033750577;9;1;0;1;0;0;0;0;0;0;0;0;0;0
2003 38 5;147;024033820553;9;0;0;0;0;1;0;0;0;0;0;0;0;0
2003 38 5;148;024033830498;9;1;0;1;0;0;0;0;0;0;0;0;0;0
2003 38 5;149;024033820760;3;1;0;1;0;0;0;0;0;0;0;0;0;0
2003 38 5;150;024033820290;3;0;0;0;1;0;0;0;0;0;0;1;0;0
2003 38 5;151;024033720246;6;1;0;1;0;0;0;0;0;0;0;0;0;0
2003 38 5;152;024033830718;9;1;0;0;0;0;0;0;0;0;0;0;0;0
2003 38 5;153;024033820535;9;0;0;1;0;1;0;0;0;0;0;0;0;0
2003 38 5;154;024033740312;9;1;0;0;0;0;0;1;0;0;1;0;0;0
2003 38 5;155;024033840266;9;1;0;1;0;0;0;0;0;0;0;0;0;0
2003 38 5;156;024033740652;3;0;0;1;1;0;0;0;0;0;0;0;0;0
2003 38 5;157;024033840825;10;1;0;0;0;0;0;0;0;0;0;0;0;0
2003 38 5;158;024033740048;10;1;0;1;0;0;0;1;0;0;0;1;0;1
2003 38 5;159;024033830066;10;0;0;1;0;1;0;0;0;0;0;0;0;0
2003 38 5;160;024033820148;10;1;0;0;0;0;1;0;0;0;1;0;0;0
2003 38 5;161;024033750578;10;1;0;1;0;0;0;0;0;0;0;0;0;0
2003 38 5;162;024033830649;11;0;1;1;0;0;0;0;0;0;0;0;0;0
2003 38 5;163;024033820157;11;1;0;0;0;0;0;0;0;1;0;0;1;0
2003 38 5;164;024033730090;5;1;0;1;0;0;0;0;0;0;0;0;0;0
2003 38 5;165;024033811260;5;0;0;0;0;1;0;1;0;0;0;0;0;0
2003 38 5;166;024033840115;5;1;0;1;0;0;0;0;0;0;0;0;0;0
2003 38 5;167;024033740380;5;0;0;1;1;0;0;0;0;0;0;1;0;0
2003 38 5;168;024033820400;5;1;0;0;0;0;0;0;0;0;1;0;0;0
2003 38 5;169;024033840802;5;1;0;1;0;0;0;1;0;0;0;0;0;0
2003 38 5;170;024033740516;4;0;0;0;0;1;0;0;0;0;0;0;0;0
2003 38 5;171;024033820612;4;1;0;1;0;0;0;0;0;0;0;0;0;0
2003 38 5;172;024033811351;12;1;0;1;0;0;0;0;0;0;0;0;0;0
2003 38 5;173;024033740371;12;0;0;0;1;0;0;0;0;1;0;1;1;0
2003 38 5;174;024033820045;12;1;0;1;0;0;0;0;0;0;0;0;0;0
2003 38 5;175;024033830645;12;1;0;1;0;0;0;0;0;0;0;0;0;0
2003 38 5;176;024033820913;7;0;0;1;0;1;0;0;0;0;0;0;0;0
2003 38 5;177;024033820167;7;1;0;0;0;0;0;1;0;0;1;0;0;0
2003 38 5;178;024033720048;11;1;0;1;0;0;0;0;0;0;0;0;0;0
2003 38 5;179;024033820837;11;0;1;1;0;0;0;0;0;0;0;0;0;0
2003 38 5;180;024033840806;8;1;0;0;0;0;0;0;0;0;0;0;0;0
2003 38 5;181;024033830246;8;0;0;1;1;0;0;0;0;1;0;0;1;0
2003 38 5;182;024033820190;8;1;0;1;0;0;0;0;0;0;0;1;0;0
2003 38 5;183;024033820874;8;1;0;0;0;0;0;1;0;0;1;0;0;0
2003 38 5;184;024033830646;1;0;0;1;0;1;0;0;0;0;0;0;0;0
2003 38 5;185;024033750555;1;1;0;1;0;0;0;0;0;0;0;0;0;0
2003 38 5;186;024033840195;1;1;0;0;0;0;0;0;0;1;0;0;1;0
2003 38 5;187;024033821181;1;0;0;1;1;0;0;0;0;0;0;0;0;0
2003 38 5;188;024033750385;1;1;0;1;0;0;0;0;0;0;0;0;0;0
2003 38 5;189;024033840795;1;1;0;0;0;0;0;0;0;0;1;0;0;0
2003 38 5;190;024033740090;1;1;0;1;0;0;0;0;0;0;0;0;0;0
2003 38 5;191;024033820939;1;0;0;1;0;1;0;0;0;0;0;0;0;0
2003 38 5;192;024033740031;1;1;0;0;0;0;0;0;0;1;0;0;1;0
2003 38 5;193;024033830741;1;1;0;1;0;0;0;0;0;0;0;0;0;0
2003 38 5;194;024033750314;3;0;0;1;1;0;0;0;0;0;0;1;0;0
2003 38 5;195;024033740508;3;1;0;0;0;0;1;0;0;0;0;0;0;0
2003 38 5;196;024033840709;3;1;0;1;0;0;0;0;0;0;0;0;0;0
2003 38 5;197;024033820877;6;0;1;1;0;0;0;0;0;0;0;0;0;0
2003 38 5;198;024033720210;12;1;0;0;0;0;0;0;0;0;0;0;0;0
2003 38 5;199;024033830200;12;0;0;1;0;1;0;0;0;0;0;0;0;0
2003 38 5;200;024033820538;12;1;0;1;0;0;0;0;0;0;0;0;0;0
2003 38 5;201;024033830775;10;1;0;0;0;0;0;0;0;0;0;0;0;0
2003 38 5;202;024033820840;10;0;0;1;1;0;0;1;0;0;0;1;0;1
2003 38 5;203;024033820146;10;1;0;1;0;0;0;0;0;0;0;0;0;0
2003 38 5;204;024033821213;7;1;0;0;0;0;0;0;0;1;0;0;1;0
2003 38 5;205;024033840786;7;0;0;0;0;1;0;1;0;0;0;0;0;0
2003 38 5;206;024033720056;7;1;0;1;0;0;0;0;0;0;0;0;0;0
2003 38 5;207;024033820839;3;1;0;1;0;0;0;0;0;0;0;0;0;0
2003 38 5;208;024033820267;3;0;0;0;1;0;0;0;0;1;0;1;1;0
2003 38 5;209;024033740874;3;1;0;1;0;0;0;0;0;0;0;0;0;0
2003 38 5;210;024033830787;3;0;0;1;0;1;0;0;0;0;0;0;0;0
2003 38 5;211;024033820199;2;1;0;0;0;0;0;0;0;1;0;0;1;0
2003 38 5;212;024033820568;13;1;0;1;0;0;0;0;0;0;0;0;0;0
2003 38 5;213;024033720086;13;0;0;0;0;1;0;1;0;0;0;0;0;0
2003 38 5;214;024033820750;3;1;0;1;0;0;0;0;1;0;1;1;0;0
2003 38 5;215;024033811207;3;0;0;1;1;0;0;0;0;1;0;0;1;0
2003 38 5;216;024033740566;1;1;0;0;0;0;0;0;0;0;0;0;0;0
2003 38 5;217;024033830782;1;1;0;1;0;0;0;0;0;0;0;0;0;0
2003 38 5;218;024033820181;1;0;0;0;0;1;0;1;0;0;0;0;0;1
2003 38 5;219;024033740646;6;1;0;1;0;0;0;0;0;0;0;0;0;0
2003 38 5;220;024033810929;6;1;0;1;0;0;0;0;0;0;0;0;0;0
2003 38 5;221;024033820407;12;0;0;0;1;0;0;0;0;0;0;1;0;0
2003 38 5;222;024033820613;12;1;0;1;0;0;0;0;0;0;0;0;0;0
2003 38 5;223;024033840804;12;1;0;1;0;0;0;0;0;0;0;0;0;0
2003 38 5;224;024033750562;7;0;0;0;0;1;0;0;0;0;0;0;0;0
2003 38 5;225;024033821214;7;1;0;0;0;0;0;0;0;0;0;0;0;0
2003 38 5;226;024033820880;10;1;0;1;0;0;0;0;0;0;0;0;0;0
2003 38 5;227;024033750389;11;0;1;1;0;0;0;0;0;0;0;0;0;0
2003 38 5;228;024033830296;11;1;0;0;0;0;0;0;0;0;1;0;0;0
2003 38 5;229;024033820580;11;1;0;1;0;0;0;0;0;1;0;0;1;0
2003 38 5;230;024033730321;12;0;0;0;0;1;0;1;0;0;0;0;0;0
2003 38 5;231;024033840819;2;1;0;1;0;0;0;0;0;0;0;1;0;0
2003 38 5;232;024033820788;2;0;0;1;1;0;0;0;0;0;0;0;0;0
2003 38 5;233;024033750269;2;1;0;0;0;0;0;0;0;1;0;0;1;0
2003 38 5;234;024033840244;2;1;0;1;0;0;0;0;0;0;0;0;0;0
2003 38 5;235;024033810867;10;0;0;1;0;1;0;0;0;0;0;0;0;0
2003 38 5;236;024033820536;10;1;0;0;0;0;0;0;0;0;0;0;0;0
2003 38 5;237;024033830777;2;1;0;1;0;0;0;0;0;0;0;0;0;0
2003 38 5;238;024033820935;2;0;0;1;1;0;0;0;0;1;0;1;1;0
2003 38 5;239;024033820826;1;1;0;0;0;0;0;0;0;0;0;0;0;0
2003 38 5;240;024033730308;1;0;0;1;0;1;0;0;0;0;0;0;0;0
2003 38 5;241;024033820867;1;1;0;1;0;0;0;0;0;0;0;0;0;0
2003 38 5;242;024033821174;1;1;0;0;0;0;0;0;0;1;0;0;1;0
2003 38 5;243;024033840757;11;0;1;1;0;0;0;0;0;0;0;0;0;0
2003 38 5;244;024033750243;11;1;0;1;0;0;0;0;0;0;0;0;0;0
2003 38 5;245;024033820587;1;1;0;0;0;0;0;0;0;0;1;0;0;0
2003 38 5;246;024033820681;1;0;0;1;0;1;0;0;0;0;0;0;0;0
2003 38 5;247;024033730337;2;1;0;1;0;0;0;1;0;0;0;1;0;1
2003 38 5;248;024033840807;2;1;0;0;0;0;0;0;0;0;0;0;0;0
2003 38 5;249;024033820916;2;0;0;1;1;0;0;0;0;1;0;0;1;0
2003 38 5;250;024033750273;2;1;0;1;0;0;0;0;0;0;0;0;0;0
2003 38 5;251;024033821157;13;0;0;0;0;1;0;0;0;0;0;0;0;0
2003 38 5;252;024033820176;13;1;0;1;0;0;0;0;0;0;0;0;0;0
2003 38 5;253;024033750966;1;1;0;0;0;0;0;0;0;1;0;0;1;0
2003 38 5;254;024033821216;1;1;0;1;0;0;0;0;1;0;1;1;0;0
2003 38 5;255;024033820533;1;0;0;1;0;1;0;0;0;0;0;0;0;0
2003 38 5;256;024033820974;11;1;0;0;0;0;0;0;0;1;0;0;1;0
2003 38 5;257;024033720907;11;1;0;1;0;0;0;0;0;0;0;0;0;0
2003 38 5;258;024033820846;11;0;1;1;0;0;0;0;0;0;0;0;0;0
2003 38 5;259;024033730242;9;1;0;0;0;0;0;0;0;1;0;0;1;0
2003 38 5;260;024033820487;9;0;0;1;0;1;0;0;0;0;0;0;0;0
2003 38 5;261;024033820277;10;1;0;1;0;0;0;0;0;0;0;0;0;0
2003 38 5;262;024033840708;10;1;0;0;0;0;0;0;0;0;1;0;0;0
2003 38 5;263;024033820816;10;0;0;1;1;0;0;0;0;0;0;1;0;0
2003 38 5;264;024033811293;10;1;0;1;0;0;0;0;0;0;0;0;0;0
2003 38 5;265;024033740198;10;1;0;0;0;0;0;0;0;0;0;0;0;0
2003 38 5;266;024033821135;10;1;0;1;0;0;0;0;0;0;0;0;0;0
2003 38 5;267;024033820857;10;0;0;1;0;1;0;0;0;0;0;0;0;0
2003 38 5;268;024033830772;10;1;0;0;0;0;0;0;0;0;0;0;0;0
2003 38 5;269;024033830117;10;0;0;1;1;0;0;1;0;0;0;1;0;1
2003 38 5;270;024033820561;10;1;0;0;0;0;0;0;0;0;1;0;0;0
2003 38 5;271;024033740427;1;1;0;1;0;0;0;0;0;1;0;0;1;0
2003 38 5;272;024033830230;1;0;0;1;0;1;0;0;0;0;0;0;0;0
2003 38 5;273;024033821218;1;1;0;0;0;0;0;0;0;0;0;0;0;0
2003 38 5;274;024033740423;1;1;0;1;0;0;0;0;0;0;0;0;0;0
2003 38 5;275;024033840736;11;0;1;1;0;0;0;0;0;0;0;0;0;0
2003 38 5;276;024033821125;11;1;0;0;0;0;0;0;0;1;0;0;1;0
2003 38 5;277;024033750382;9;0;0;1;0;1;0;0;0;0;0;0;0;0
2003 38 5;278;024033821219;9;0;0;0;1;0;0;0;0;0;0;1;0;0
2003 38 5;279;024033830908;9;1;0;1;0;0;0;0;0;0;1;0;0;0
2003 38 5;280;024033750379;9;1;0;1;0;0;0;0;0;0;0;0;0;0
2003 38 5;281;024033820559;9;0;0;0;0;1;0;1;0;0;0;0;0;0
2003 38 5;282;024033640978;9;1;0;1;0;0;0;0;0;0;0;0;0;0
2003 38 5;283;024033821017;9;1;0;0;0;0;0;0;0;1;0;0;1;0
2003 38 5;284;024033821154;9;0;0;1;1;0;0;1;0;0;0;1;0;1
2003 38 5;285;024033740593;9;1;0;0;0;0;0;0;0;0;0;0;0;0
2003 38 5;286;024033830847;9;1;0;1;0;0;0;0;0;0;1;0;0;0
2003 38 5;287;024033740091;7;1;0;1;0;0;0;0;0;1;0;0;1;0
2003 38 5;288;024033830211;9;0;0;0;0;1;0;1;0;0;0;0;0;0
2003 38 5;289;024033821086;9;1;0;1;0;0;0;0;0;0;0;0;0;0
2003 38 5;290;024033821171;9;1;0;1;0;0;0;0;0;0;0;0;0;0
2003 38 5;291;024033750918;3;0;0;0;1;0;0;0;0;1;0;0;1;0
2003 38 5;292;024033821183;3;1;0;1;0;0;0;0;1;0;1;1;0;0
2003 38 5;293;024033820611;3;1;0;1;0;0;0;0;0;0;0;0;0;0
2003 38 5;294;024033720070;3;0;0;0;0;1;0;0;0;0;0;0;0;0
2003 38 5;295;024033820563;3;1;0;1;0;0;0;0;0;0;0;0;0;0
2003 38 5;296;024033830682;3;1;0;0;0;0;0;0;0;1;0;0;1;0
2003 38 5;297;024033740477;3;0;0;1;1;0;0;0;0;0;0;1;0;0
2003 38 5;298;024033820236;3;1;0;1;0;0;0;0;0;0;0;0;0;0
2003 38 5;299;024033821152;3;0;0;0;0;1;0;0;0;0;0;0;0;0
2003 38 5;300;024033840246;3;1;0;1;0;0;0;0;0;0;0;0;0;0
2003 38 5;301;024033750323;7;0;1;1;0;0;0;0;0;0;0;0;0;0
2003 38 5;302;024033821084;7;1;0;0;0;0;0;0;0;0;1;0;0;0
2003 38 5;303;024033830899;3;0;0;1;1;0;0;1;0;0;0;1;0;1
2003 38 5;304;024033750006;8;1;0;0;0;0;0;0;0;0;0;0;0;0
2003 38 5;305;024033740142;8;1;0;1;0;0;0;0;0;0;0;0;0;0
2003 38 5;306;024033840187;12;0;0;1;0;1;0;0;0;0;0;0;0;0
2003 38 5;307;024033750326;12;1;0;0;0;0;0;0;0;0;0;0;0;0
2003 38 5;308;024033820850;3;1;0;1;0;0;0;0;1;0;1;1;0;0
2003 38 5;309;024033840785;3;0;0;1;1;0;0;0;0;0;0;0;0;0
2003 38 5;310;024033820206;10;1;0;0;0;0;0;0;0;0;0;0;0;0
2003 38 5;311;024033740383;10;1;0;1;0;0;0;0;0;0;0;0;0;0
2003 38 5;312;024033740099;10;0;0;0;0;1;0;1;0;0;0;0;0;0
2003 38 5;313;024033830882;10;1;0;1;0;0;0;0;0;0;0;0;0;0
2003 38 5;314;024033750204;2;1;0;0;0;0;0;0;0;0;0;0;0;0
2003 38 5;315;024033821173;2;0;0;1;1;0;0;0;0;1;0;1;1;0
2003 38 5;316;024033840142;2;1;0;1;0;0;0;0;0;0;1;0;0;0
2003 38 5;317;024033750329;2;1;0;0;0;0;0;0;0;0;0;0;0;0
2003 38 5;318;024033820958;2;1;0;1;0;0;0;0;0;0;0;0;0;0
2003 38 5;319;024033840788;1;0;0;1;0;1;0;0;0;0;0;0;0;0
2003 38 5;320;024033740345;1;1;0;0;0;0;0;0;0;0;0;0;0;0
2003 38 5;321;024033740094;3;1;0;1;0;0;0;0;0;0;0;0;0;0
2003 38 5;322;024033840248;3;0;0;1;1;0;0;1;0;0;0;1;0;1
2003 38 5;323;024033820270;1;1;0;0;0;0;0;0;0;1;0;0;1;0
2003 38 5;324;024033750526;1;0;0;1;0;1;0;0;0;0;0;0;0;0
2003 38 5;325;024033840703;1;1;0;1;0;0;0;0;0;0;0;0;0;0
2003 38 5;326;024033820216;11;1;0;0;0;0;0;0;0;1;0;0;1;0
2003 38 5;327;024033821153;11;0;1;1;0;0;0;0;0;0;0;0;0;0
2003 38 5;328;024033740290;11;1;0;1;0;0;0;0;0;0;0;0;0;0
2003 38 5;329;024033821043;11;1;0;0;0;0;0;0;0;1;0;0;1;0
2003 38 5;330;024033830605;1;0;0;1;0;1;0;0;0;0;0;0;0;0
2003 38 5;331;024033750299;7;1;0;1;0;0;0;0;0;0;0;0;0;0
2003 38 5;332;024033840192;7;0;0;0;1;0;1;0;0;0;0;0;0;0
2003 38 5;333;024033820960;7;1;0;1;0;0;0;0;0;0;0;0;0;0
2003 38 5;334;024033750336;7;1;0;1;0;0;0;0;0;0;0;0;0;0
2003 38 5;335;024033840771;7;0;0;0;0;1;0;0;0;0;0;0;0;0
2003 38 5;336;024033821179;7;1;0;1;0;0;0;0;0;0;1;0;0;0
2003 38 5;337;024033820572;5;1;0;1;0;0;0;0;0;0;0;0;0;0
2003 38 5;338;024033730118;5;0;0;0;1;0;0;0;0;0;0;1;0;0
2003 38 5;339;024033820404;5;1;0;1;0;0;0;0;0;0;0;0;0;0
2003 38 5;340;024033821018;5;0;0;0;0;1;0;1;0;0;0;0;0;0
2003 38 5;341;024033840706;5;1;0;1;0;0;0;0;0;0;0;0;0;0
2003 38 5;342;024033820200;11;0;1;1;0;0;0;0;0;0;0;0;0;0
2003 38 5;343;024033821194;9;1;0;0;0;0;0;0;0;0;1;0;0;0
2003 38 5;344;024033810988;9;1;0;1;0;0;0;0;0;0;0;0;0;0
2003 38 5;345;024033740084;9;0;0;0;0;1;0;0;0;0;0;0;0;0
2003 38 5;346;024033840752;9;1;0;1;0;0;0;0;0;0;0;0;0;0
2003 38 5;347;024033750251;9;1;0;1;0;0;0;0;0;0;0;1;0;0
2003 38 5;348;024033821155;9;0;0;0;1;0;0;0;0;0;0;0;0;0
2003 38 5;349;024033820227;1;1;0;1;0;0;0;0;0;1;0;0;1;0
2003 38 5;350;024033820718;1;1;0;1;0;0;0;0;0;0;0;0;0;0
2003 38 5;351;024033750152;1;1;0;0;0;0;0;1;0;0;1;0;0;0
2003 38 5;352;024033810240;1;0;0;0;0;1;0;0;0;0;0;0;0;0
2003 38 5;353;024033750224;1;1;0;1;0;0;0;0;0;0;0;0;0;0
2003 38 5;354;024033820856;1;1;0;1;0;0;0;0;0;0;0;0;0;0
2003 38 5;355;024033840812;8;0;0;0;1;0;0;0;0;1;0;1;1;0
2003 38 5;356;024033750393;8;1;0;1;0;0;0;0;0;0;0;0;0;0
2003 38 5;357;024033820550;8;1;0;1;0;0;0;0;0;0;0;0;0;0
2003 38 5;358;024033830233;12;0;0;0;0;1;0;1;0;0;0;0;0;0
2003 38 5;359;024033820999;10;1;0;1;0;0;0;0;0;0;0;0;0;0
2003 38 5;360;024033750464;10;1;0;1;0;0;0;0;0;0;0;0;0;0
2003 38 5;361;024033820791;10;0;0;0;1;0;0;0;0;1;0;1;1;0
2003 38 5;362;024033840800;10;1;0;1;0;0;0;0;0;0;0;0;0;0
2003 38 5;363;024033750233;1;1;0;1;0;0;0;0;0;0;0;0;0;0
2003 38 5;364;024033740351;1;0;0;0;0;1;0;1;0;0;0;0;0;0
2003 38 5;365;024033840104;1;1;0;1;0;0;0;0;0;0;0;0;0;0
2003 38 5;366;024033750005;11;0;1;1;0;0;0;0;0;0;0;0;0;0
2003 38 5;367;024033821120;11;1;0;0;0;0;0;0;0;1;0;0;1;0
2003 38 5;368;024033830628;6;1;0;1;0;0;0;0;0;0;0;0;0;0
2003 38 5;369;024033820161;6;0;0;1;0;1;0;0;0;0;0;0;0;0
2003 38 5;370;024033750195;2;1;0;0;0;0;0;0;0;0;1;0;0;0
2003 38 5;371;024033810140;2;1;0;1;0;0;0;0;0;0;0;1;0;0
2003 38 5;372;024033820120;2;0;0;1;1;0;0;0;0;1;0;0;1;0
2003 38 5;373;024033821136;2;1;0;0;0;0;0;0;0;0;0;0;0;0
2003 38 5;374;024033840803;2;1;0;1;0;0;0;0;0;0;0;0;0;0
2003 38 5;375;024033750423;2;1;0;1;0;0;0;0;0;0;0;0;0;0
2003 38 5;376;024033820810;7;0;0;0;0;1;0;1;0;0;0;0;0;0
2003 38 5;377;024033750467;6;1;0;1;0;0;0;0;0;0;0;0;0;0
2003 38 5;378;024033840743;6;1;0;0;0;0;0;0;0;0;1;0;0;0
2003 38 5;379;024033811140;6;1;0;1;0;0;0;0;0;0;0;0;0;0
2003 38 5;380;024033730134;6;0;0;1;1;0;0;0;0;0;0;1;0;0
2003 38 5;381;024033821180;2;1;0;0;0;0;0;0;0;1;0;0;1;0
2003 38 5;382;024033820174;2;1;0;1;0;0;0;0;0;0;0;0;0;0
2003 38 5;383;024033840744;5;0;0;1;0;1;0;0;0;0;0;0;0;0
2003 38 5;384;024033750272;2;1;0;0;0;0;0;0;0;0;1;0;0;0
2003 38 5;385;024033821030;2;1;0;1;0;0;0;0;0;0;0;0;0;0
2003 38 5;386;024033830167;9;0;0;0;1;0;1;0;0;1;0;0;1;0
2003 38 5;387;024033720263;9;1;0;1;0;0;0;0;0;0;0;0;0;0
2003 38 5;388;024033830880;9;1;0;1;0;0;0;0;0;0;0;0;0;0
2003 38 5;389;024033820787;9;0;0;0;0;1;0;1;0;0;0;0;0;0
2003 38 5;390;024033820931;9;1;0;1;0;0;0;0;0;0;0;1;0;0
2003 38 5;391;024033750004;11;0;1;1;0;0;0;0;0;0;0;0;0;0
2003 38 5;392;024033820301;1;1;0;0;0;0;0;0;0;0;0;0;0;0
2003 38 5;393;024033820540;1;1;0;1;0;0;0;0;0;0;0;0;0;0
2003 38 5;394;024033750384;1;0;0;0;0;1;0;1;0;0;0;0;0;0
2003 38 5;395;024033830793;1;1;0;1;0;0;0;0;0;0;0;0;0;0
2003 38 5;396;024033820180;3;0;0;1;1;0;0;0;0;1;0;0;1;0
2003 38 5;397;024033710061;3;1;0;0;0;0;0;0;0;0;0;0;0;0
2003 38 5;398;024033820925;3;1;0;1;0;0;0;0;1;0;1;1;0;0
2003 38 5;399;024033820238;3;0;0;0;0;1;0;0;0;0;0;0;0;0
2003 38 5;400;024033830596;3;1;0;1;0;0;0;0;0;0;0;0;0;0
2003 38 5;401;024033750254;3;1;0;1;0;0;0;0;0;0;0;0;0;0
2003 38 5;402;024033820558;3;0;0;0;1;0;0;0;0;0;0;0;0;0
2003 38 5;403;024033840201;3;1;0;1;0;0;0;1;0;0;0;1;0;1
2003 38 5;404;024033740336;7;0;0;0;0;1;0;0;0;0;0;0;0;0
2003 38 5;405;024033830887;11;1;0;1;0;0;0;0;0;0;0;0;0;0
2003 38 5;406;024033820884;11;0;1;1;0;0;0;0;0;0;0;0;0;0
2003 38 5;407;024033821166;10;1;0;0;0;0;0;0;0;0;1;0;0;0
2003 38 5;408;024033720136;10;1;0;1;0;0;0;0;0;0;0;0;0;0
2003 38 5;409;024033740364;10;0;0;1;1;0;0;0;0;1;0;0;1;0
2003 38 5;410;024033830647;10;1;0;0;0;0;0;0;0;0;0;0;0;0
2003 38 5;411;024033820566;9;1;0;1;0;0;0;0;0;0;0;1;0;0
2003 38 5;412;024033820847;9;0;0;1;0;1;0;0;0;0;0;0;0;0
2003 38 5;413;024033750521;9;1;0;0;0;0;0;0;0;0;1;0;0;0
2003 38 5;414;024033821045;9;1;0;1;0;0;0;0;0;0;0;0;0;0
2003 38 5;415;024033840725;9;0;0;1;1;0;0;0;0;1;0;0;1;0
2003 38 5;416;024033740393;9;1;0;0;0;0;0;0;0;0;0;0;0;0
2003 38 5;417;024033820160;9;0;0;1;0;1;0;0;0;0;0;0;0;0
2003 38 5;418;024033820854;8;1;0;1;0;0;0;0;0;0;0;0;0;0
2003 38 5;419;024033830541;8;1;0;0;0;0;0;0;0;0;1;0;0;0
2003 38 5;420;024033820158;9;0;0;1;0;1;0;0;0;0;0;0;0;0
2003 38 5;421;024033750414;9;1;0;0;0;0;0;0;0;0;0;0;0;0
2003 38 5;422;024033830842;3;0;0;1;1;0;0;0;0;0;0;1;0;0
2003 38 5;423;024033820295;3;1;0;1;0;0;0;0;0;0;0;0;0;0
2003 38 5;424;024033720166;9;1;0;0;0;0;0;0;0;1;0;0;1;0
2003 38 5;425;024033820541;9;0;0;1;0;1;0;0;0;0;0;0;0;0
2003 38 5;426;024033820015;9;1;0;1;0;0;0;0;0;0;0;0;0;0
2003 38 5;427;024033840799;9;1;0;0;0;0;0;0;0;0;0;0;0;0
2003 38 5;428;024033750259;9;0;0;1;1;0;0;0;0;1;0;0;1;0
2003 38 5;429;024033820302;9;0;0;1;0;1;0;0;0;0;0;0;0;0
2003 38 5;430;024033820218;9;1;0;0;0;0;0;0;0;0;0;0;0;0
2003 38 5;431;024033820977;9;1;0;1;0;0;0;0;0;0;1;0;0;0
2003 38 5;432;024033830889;9;0;0;1;0;1;0;0;0;0;0;0;0;0
2003 38 5;433;024033820757;9;1;0;0;0;0;0;0;0;1;0;0;1;0
2003 38 5;434;024033750214;3;1;0;1;0;0;0;0;0;0;0;0;0;0
2003 38 5;435;024033810139;3;0;1;1;0;0;0;0;0;0;0;0;0;0
2003 38 5;436;024033821128;3;0;0;0;1;0;0;0;0;0;0;1;0;0
2003 38 5;437;024033750398;3;1;0;1;0;0;0;0;0;0;0;0;0;0
2003 38 5;438;024033840792;12;1;0;1;0;0;0;0;0;0;0;0;0;0
2003 38 5;439;024033820957;12;0;0;0;0;1;0;1;0;0;0;0;0;0
2003 38 5;440;024033821026;5;1;0;1;0;0;0;0;0;0;0;0;0;0
2003 38 5;441;024033740001;5;1;0;0;0;0;0;0;0;0;1;0;0;0
2003 38 5;442;024033820005;3;0;0;1;1;0;0;0;0;0;0;1;0;0
2003 38 5;443;024033820182;9;1;0;0;0;0;0;0;0;1;0;0;1;0
2003 38 5;444;024033750278;9;1;0;1;0;0;0;0;0;0;0;0;0;0
2003 38 5;445;024033830776;9;0;0;1;0;1;0;0;0;0;0;0;0;0
2003 38 5;446;024033820569;9;1;0;0;0;0;0;0;0;0;0;0;0;0
2003 38 5;447;024033750566;2;1;0;1;0;0;0;0;0;0;0;0;0;0
2003 38 5;448;024033830213;2;0;0;1;1;0;0;0;0;0;0;0;0;0
2003 38 5;449;024033820888;2;1;0;0;0;0;0;0;0;0;0;0;0;0
2003 38 5;450;024033720245;11;0;1;1;0;0;0;0;0;0;0;0;0;0
2003 38 5;451;024033830695;11;1;0;1;0;0;0;0;0;1;0;0;1;0
2003 38 5;452;024033820548;12;0;0;0;0;1;0;1;0;0;0;0;0;0
2003 38 5;453;024033740315;5;1;0;1;0;0;0;0;0;0;0;0;0;0
2003 38 5;454;024033830223;5;1;0;1;0;0;0;0;0;0;0;0;0;0
2003 38 5;455;024033820827;5;0;0;0;1;0;0;0;0;0;0;1;0;0
2003 38 5;456;024033750579;5;1;0;1;0;0;0;0;0;0;0;0;0;0
2003 38 5;457;024033840746;5;1;0;1;0;0;0;0;0;0;0;0;0;0
2003 38 5;458;024033820918;5;1;0;0;0;0;0;0;0;1;0;0;1;0
2003 38 5;459;024033750315;5;0;0;1;0;1;0;0;0;0;0;0;0;0
2003 38 5;460;024033820092;5;1;0;1;0;0;0;0;0;0;0;0;0;0
2003 38 5;461;024033811089;5;1;0;0;0;0;0;0;0;1;0;0;1;0
2003 38 5;462;024033750954;5;0;0;1;1;0;0;0;0;0;0;1;0;0
2003 38 5;463;024033820233;1;1;0;0;0;0;1;0;0;0;1;0;0;0
2003 38 5;464;024033820763;1;0;0;1;0;1;0;0;0;0;0;0;0;0
2003 38 5;465;024033750514;1;1;0;1;0;0;0;0;0;0;0;0;0;0
2003 38 5;466;024033820849;1;1;0;0;0;0;0;0;0;0;0;0;0;0
2003 38 5;467;024033840722;4;0;0;1;1;0;0;0;0;1;0;0;1;0
2003 38 5;468;024033730060;1;1;0;0;0;0;0;0;0;0;0;0;0;0
2003 38 5;469;024033820571;1;1;0;1;0;0;0;0;0;0;0;0;0;0
2003 38 5;470;024033820406;1;0;0;0;0;1;0;0;0;0;0;0;0;0
2003 38 5;471;024033750357;11;1;0;1;0;0;0;0;0;0;0;0;0;0
2003 38 5;472;024033840770;11;0;1;1;0;0;0;0;0;0;0;0;0;0
2003 38 5;473;024033820405;11;1;0;0;0;0;0;0;0;1;0;0;1;0
2003 38 5;474;024033850651;11;0;0;1;1;0;0;0;0;0;0;1;0;0
2003 38 5;475;024033750301;11;1;0;1;0;0;0;0;0;0;0;0;0;0
2003 38 5;476;024033820946;11;1;0;0;0;0;0;0;0;1;0;0;1;0
2003 38 5;477;024033840817;6;0;0;1;0;1;0;0;0;0;0;0;0;0
2003 38 5;478;024033750356;8;1;0;1;0;0;0;0;0;0;0;0;0;0
2003 38 5;479;024033820754;8;1;0;0;0;0;0;0;0;0;0;0;0;0
2003 38 5;480;024033820235;3;0;0;1;1;0;0;0;0;1;0;0;1;0
2003 38 5;481;024033820717;10;1;0;1;0;0;0;1;0;0;0;1;0;1
2003 38 5;482;024033730011;10;0;0;0;0;1;0;0;0;0;0;0;0;0
2003 38 5;483;024033820173;10;1;0;1;0;0;0;0;0;0;0;0;0;0
2003 38 5;484;024033820902;5;1;0;1;0;0;0;0;0;0;0;0;0;0
2003 38 5;485;024033840728;5;1;0;0;0;0;0;0;0;0;0;0;0;0
2003 38 5;486;024033820574;9;0;0;1;0;1;0;0;0;0;0;0;0;0
2003 38 5;487;024033820155;9;1;0;0;0;0;1;0;0;0;0;0;0;0
2003 38 5;488;024033820922;9;0;0;1;1;0;0;0;0;0;0;1;0;0
2003 38 5;489;024033830721;9;1;0;1;0;0;0;0;0;0;0;0;0;0
2003 38 5;490;024033820865;9;1;0;0;0;0;0;0;0;0;0;0;0;0
2003 38 5;491;024033821211;9;0;0;0;0;1;0;0;0;0;0;0;0;0
2003 38 5;492;024033710268;9;1;0;1;0;0;0;0;0;0;0;0;0;0
2003 38 5;493;024033820171;9;1;0;1;0;0;0;0;0;1;0;0;1;0
2003 38 5;494;024033830666;3;0;0;0;1;0;0;0;0;0;0;1;0;0
2003 38 5;495;024033750463;9;1;0;1;0;0;0;0;0;0;0;0;0;0
2003 38 5;496;024033821042;9;1;0;0;0;0;0;0;0;0;1;0;0;0
2003 38 5;497;024033830260;9;0;0;1;0;1;0;0;0;0;0;0;0;0
2003 38 5;498;024033821133;2;1;0;1;0;0;0;0;0;0;0;0;0;0
2003 38 5;499;024033820524;2;1;0;0;0;0;0;0;0;0;0;0;0;0
2003 38 5;500;024033720108;2;0;0;1;1;0;0;0;0;1;0;0;1;0
2003 38 5;501;024033821132;2;1;0;1;0;0;0;0;0;0;0;0;0;0
2003 38 5;502;024033820288;2;1;0;0;0;0;0;0;0;0;0;0;0;0
2003 38 5;503;024033840738;9;0;0;1;0;1;0;0;0;0;0;0;0;0
2003 38 5;504;024033750370;9;1;0;0;0;0;0;0;0;1;0;0;1;0
2003 38 5;505;024033820938;3;1;0;1;0;0;0;0;1;0;1;1;0;0
2003 38 5;506;024033830220;3;0;0;1;1;0;0;0;0;0;0;0;0;0
2003 38 5;507;024033750941;3;1;0;0;0;0;0;0;0;0;0;0;0;0
2003 38 5;508;024033820590;11;1;0;1;0;0;0;0;0;0;0;0;0;0
2003 38 5;509;024033830523;11;0;1;1;0;0;0;0;0;0;0;0;0;0
2003 38 5;510;024033750277;11;1;0;0;0;0;0;0;0;1;0;0;1;0
2003 38 5;511;024033820187;11;1;0;1;0;0;0;0;0;0;0;0;0;0
2003 38 5;512;024033710004;9;0;0;0;1;0;0;1;0;0;0;1;0;1
2003 38 5;513;024033750392;13;1;0;1;0;0;0;0;0;0;0;0;0;0
2003 38 5;514;024033840737;13;1;0;1;0;0;0;0;0;0;0;0;0;0
2003 38 5;515;024033821087;13;0;0;0;0;1;0;0;0;0;0;0;0;0
2003 38 5;516;024033750531;8;1;0;0;0;0;0;0;0;1;0;0;1;0
2003 38 5;517;024033840784;8;1;0;1;0;0;0;0;0;0;0;0;0;0
2003 38 5;518;024033840264;8;0;0;1;1;0;0;0;0;0;0;1;0;0
2003 38 5;519;024033710026;8;1;0;0;0;0;0;0;0;0;0;0;0;0
2003 38 5;520;024033820512;1;1;0;1;0;0;0;0;0;0;0;0;0;0
2003 38 5;521;024033821208;1;0;0;1;0;1;0;0;0;0;0;0;0;0
2003 38 5;522;024033830722;1;1;0;0;0;0;0;0;0;1;0;0;1;0
2003 38 5;523;024033820259;11;1;0;1;0;0;0;0;0;0;0;0;0;0
2003 38 5;524;024033840183;11;0;1;1;0;0;0;0;0;0;0;0;0;0
2003 38 5;525;024033821124;11;1;0;0;0;0;0;0;0;1;0;0;1;0
2003 38 5;526;024033750178;11;1;0;1;0;0;0;0;0;0;0;0;0;0
2003 38 5;527;024033750968;1;0;0;1;0;1;0;0;0;0;0;0;0;0
2003 38 5;528;024033820230;1;1;0;0;0;0;0;0;0;1;0;0;1;0
2003 38 5;529;024033820982;3;1;0;1;0;0;0;0;1;0;1;1;0;0
2003 38 5;530;024033820755;3;0;0;1;1;0;0;0;0;0;0;0;0;0
2003 38 5;531;024033821011;1;1;0;0;0;0;1;0;0;0;0;0;0;0
2003 38 5;532;024033840720;1;1;0;1;0;0;0;0;0;0;0;0;0;0
2003 38 5;533;024033740096;1;0;0;1;0;1;0;0;0;0;0;0;0;0
2003 38 5;534;024033840112;1;1;0;0;0;0;0;0;0;1;0;0;1;0
2003 38 5;535;024033821164;2;0;0;1;1;0;0;0;0;0;0;0;0;0
2003 38 5;536;024033750225;2;1;0;1;0;0;0;0;0;0;1;0;0;0
2003 38 5;537;024033830773;9;1;0;1;0;0;0;0;0;0;0;1;0;0
2003 38 5;538;024033820889;9;0;0;0;0;1;0;1;0;0;0;0;0;0
2003 38 5;539;024033730325;9;1;0;1;0;0;0;0;0;0;0;0;0;0
2003 38 5;540;024033840193;9;1;0;1;0;0;0;0;0;0;0;0;0;0
2003 38 5;541;024033820197;9;0;0;0;1;0;0;0;0;0;0;0;0;0
2003 38 5;542;024033750969;9;1;0;1;0;0;0;0;0;0;1;0;0;0
2003 38 5;543;024033820858;9;1;0;1;0;0;0;0;0;0;0;0;0;0
2003 38 5;544;024033820893;9;0;0;0;0;1;0;0;0;0;0;0;0;0
2003 38 5;545;024033820261;9;1;0;1;0;0;0;0;0;0;0;1;0;0
2003 38 5;546;024033710367;2;0;0;0;1;0;0;0;0;1;0;0;1;0
2003 38 5;547;024033820978;2;1;0;1;0;0;0;0;0;0;0;0;0;0
2003 38 5;548;024033820223;2;1;0;1;0;0;0;0;0;0;0;0;0;0
2003 38 5;549;024033830600;7;0;0;0;0;1;0;1;0;0;0;0;0;0
2003 38 5;550;024033750394;6;1;0;1;0;0;0;0;0;0;0;0;0;0
2003 38 5;551;024033820250;6;0;1;1;0;0;0;0;0;0;0;0;0;0
2003 38 5;552;024033830259;9;1;0;0;0;0;0;0;0;0;0;0;0;0
2003 38 5;553;024033820623;9;1;0;1;0;0;0;0;0;0;0;1;0;0
2003 38 5;554;024033840796;9;0;0;1;0;1;0;0;0;0;0;0;0;0
2003 38 5;555;024033750468;2;1;0;0;0;0;0;0;0;0;0;0;0;0
2003 38 5;556;024033830212;2;0;0;1;1;0;0;0;0;0;0;0;0;0
2003 38 5;557;024033820556;2;1;0;1;0;0;0;0;0;0;0;0;0;0
2003 38 5;558;024033710025;7;1;0;0;0;0;0;0;0;1;0;0;1;0
2003 38 5;559;024033830678;7;0;0;1;0;1;0;0;0;0;0;0;0;0
2003 38 5;560;024033820244;7;1;0;1;0;0;0;0;0;0;0;0;0;0
2003 38 5;561;024033820947;7;1;0;0;0;0;0;1;0;0;1;0;0;0
2003 38 5;562;024033810938;7;0;0;1;1;0;0;0;0;1;0;1;1;0
2003 38 5;563;024033820872;5;1;0;1;0;0;0;0;0;0;0;0;0;0
2003 38 5;564;024033840707;5;0;0;0;0;1;0;1;0;0;0;0;0;0
2003 38 5;565;024033740629;5;1;0;1;0;0;0;0;0;0;0;0;0;0
2003 38 5;566;024033820179;5;1;0;1;0;0;0;0;0;1;0;0;1;0
2003 38 5;567;024033821156;12;0;0;0;0;1;0;0;0;0;0;0;0;0
2003 38 5;568;024033820981;12;1;0;1;0;0;0;0;0;0;0;0;0;0
2003 38 5;569;024033820234;8;1;0;1;0;0;0;1;0;0;0;0;0;1
2003 38 5;570;024033810982;8;0;0;0;1;0;1;0;0;1;0;0;1;0
2003 38 5;571;024033740093;8;1;0;1;0;0;0;0;0;0;0;0;0;0
2003 38 5;572;024033820990;8;1;0;0;0;0;0;1;0;0;1;0;0;0
2003 38 5;573;024033750896;3;0;0;1;0;1;0;0;0;0;0;0;0;0
2003 38 5;574;024033820964;3;1;0;1;0;0;0;0;0;0;0;1;0;0
2003 38 5;575;024033820053;3;1;0;0;0;0;0;0;0;0;0;0;0;0
2003 38 5;576;024033750707;3;0;0;1;1;0;0;0;0;1;0;1;1;0
2003 38 5;577;024033840202;3;1;0;1;0;0;0;0;0;0;0;0;0;0
2003 38 5;578;024033820399;10;0;0;0;0;1;0;1;0;0;0;0;0;0
2003 38 5;579;024033740344;11;1;0;1;0;0;0;0;0;1;0;0;1;0
2003 38 5;580;024033840751;11;0;1;1;0;0;0;0;0;0;0;0;0;0
2003 38 5;581;024033820208;7;1;0;0;0;0;0;0;0;0;1;0;0;0
2003 38 5;582;024033820881;10;1;0;1;0;0;0;0;0;0;0;0;0;0
2003 38 5;583;024033820945;10;0;0;1;0;1;0;0;0;0;0;0;0;0
2003 38 5;584;024033830828;10;1;0;0;0;0;0;0;0;0;0;0;0;0
2003 38 5;585;024033750367;10;0;0;1;1;0;0;0;0;0;0;0;0;0
2003 38 5;586;024033820322;10;1;0;1;0;0;0;0;0;0;0;1;0;0
2003 38 5;587;024033821184;4;1;0;0;0;0;0;0;0;0;1;0;0;0
2003 38 5;588;024033750372;4;0;0;1;0;1;0;0;0;0;0;0;0;0
2003 38 5;589;024033830888;11;1;0;1;0;0;0;0;0;0;0;0;0;0
2003 38 5;590;024033820378;11;1;0;0;0;0;1;0;0;0;0;0;0;0
2003 38 5;591;024033750440;5;0;0;1;1;0;0;0;0;1;0;0;1;0
2003 38 5;592;024033830187;5;1;0;0;0;0;0;0;0;0;0;0;0;0
2003 38 5;593;024033821221;5;0;0;1;0;1;0;0;0;0;0;0;0;0
2003 38 5;594;024033840719;5;1;0;1;0;0;0;0;0;0;0;0;0;0
2003 38 5;595;024033750009;11;1;0;0;0;0;0;0;0;0;0;0;0;0
2003 38 5;596;024033820895;11;0;1;1;0;0;0;0;0;0;0;0;0;0
2003 38 5;597;024033750162;11;1;0;0;0;0;0;0;0;1;0;0;1;0
2003 38 5;598;024033840731;11;0;0;1;0;1;0;0;0;0;0;0;0;0
2003 38 5;599;024033821019;11;1;0;1;0;0;0;0;0;0;1;0;0;0
2003 38 5;600;024033750216;11;1;0;0;0;0;0;0;0;1;0;0;1;0
2003 38 5;601;024033840161;3;0;0;1;1;0;0;0;0;0;0;1;0;0
2003 38 5;602;024033820869;1;1;0;1;0;0;0;0;0;0;0;0;0;0
2003 38 5;603;024033750255;10;0;0;0;0;1;0;1;0;0;0;0;0;0
2003 38 5;604;024033830679;10;1;0;1;0;0;0;0;0;0;0;0;0;0
2003 38 5;605;024033820154;10;1;0;1;0;0;0;0;0;0;0;0;0;0
2003 38 5;606;024033740098;10;1;0;0;0;0;0;0;0;0;0;0;0;0
2003 38 5;607;024033830057;10;0;0;1;1;0;0;0;0;0;0;1;0;0
2003 38 5;608;024033821097;12;1;0;1;0;0;0;0;0;0;0;0;0;0
2003 38 5;609;024033840805;12;1;0;0;0;0;0;0;0;0;1;0;0;0
2003 38 5;610;024033750391;12;0;0;1;0;1;0;0;0;0;0;0;0;0
2003 38 5;611;024033820785;3;1;0;1;0;0;0;0;0;0;0;0;0;0
2003 38 5;612;024033730382;3;1;0;0;0;0;0;0;0;0;0;0;0;0
2003 38 5;613;024033750238;3;0;0;1;1;0;0;0;0;0;0;0;0;0
2003 38 5;614;024033821187;3;1;0;1;0;0;0;1;0;0;0;1;0;1
2003 38 5;615;024033820207;3;1;0;0;0;0;0;0;0;1;0;0;1;0
2003 38 5;616;024033830941;3;0;0;1;0;1;0;0;0;0;0;0;0;0
2003 38 5;617;024033820844;2;1;0;1;0;0;0;0;0;0;0;0;0;0
2003 38 5;618;024033730124;2;1;0;0;0;0;0;0;0;0;1;0;0;0
2003 38 5;619;024033820887;2;0;0;1;1;0;0;0;0;1;0;0;1;0
2003 38 5;620;024033820951;1;1;0;1;0;0;0;0;0;0;0;0;0;0
2003 38 5;621;024033750907;1;0;0;0;0;1;0;0;0;0;0;0;0;0
2003 38 5;622;024033820159;1;1;0;0;0;0;0;0;0;1;0;0;1;0
2003 38 5;623;024033821131;1;1;0;1;0;0;0;0;0;0;0;1;0;0
2003 38 5;624;024033821038;13;1;0;1;0;0;0;0;0;0;0;0;0;0
2003 38 5;625;024033830709;13;0;0;0;0;1;0;0;0;0;0;0;0;0
2003 38 5;626;024033821021;13;1;0;1;0;0;0;0;0;0;0;0;0;0
2003 38 5;627;024033730309;13;0;0;1;1;0;0;0;0;1;0;0;1;0
2003 38 5;628;024033820979;13;1;0;0;0;0;0;0;0;0;1;0;0;0
2003 38 5;629;024033820147;9;1;0;1;0;0;0;0;0;0;0;0;0;0
2003 38 5;630;024033830702;9;0;0;0;0;1;0;1;0;0;0;0;0;0
2003 38 5;631;024033821209;5;1;0;1;0;0;0;0;0;0;0;0;0;0
2003 38 5;632;024033821024;5;1;0;1;0;0;0;0;0;0;0;0;0;0
2003 38 5;633;024033811013;3;0;0;0;1;0;0;0;1;1;0;1;1;0
2003 38 5;634;024033820191;3;1;0;1;0;0;0;0;0;0;0;0;0;0
2003 38 5;635;024033830884;7;0;0;0;0;1;0;1;0;0;0;0;0;0
2003 38 5;636;024033740277;11;1;0;1;0;0;0;0;0;1;0;0;1;0
2003 38 5;637;024033820545;11;0;1;1;0;0;0;0;0;0;0;0;0;0
2003 38 5;638;024033840109;7;1;0;0;0;0;0;0;0;0;0;0;0;0
2003 38 5;639;024033750154;7;0;0;1;0;1;0;0;0;0;0;0;0;0
2003 38 5;640;024033840755;7;1;0;0;0;0;0;0;0;0;1;0;0;0
2003 38 5;641;024033821172;3;0;0;1;1;0;0;1;0;0;0;1;0;1
2003 38 5;642;024033820811;1;1;0;1;0;0;0;0;0;1;0;0;1;0
2003 38 5;643;024033710280;1;1;0;0;0;0;0;0;0;0;0;0;0;0
2003 38 5;644;024033821177;1;0;0;1;0;1;0;0;0;0;0;0;0;0
2003 38 5;645;024033820564;1;1;0;1;0;0;0;0;0;0;0;0;0;0
2003 38 5;646;024033830597;1;1;0;0;0;0;0;0;0;0;0;0;0;0
2003 38 5;647;024033750461;3;0;0;1;1;0;0;0;0;1;0;0;1;0
2003 38 5;648;024033821130;3;1;0;1;0;0;0;0;1;0;1;1;0;0
2003 38 5;649;024033830250;1;1;0;0;0;0;1;0;0;0;0;0;0;0
2003 38 5;650;024033750276;1;0;0;1;0;1;0;0;0;0;0;0;0;0
2003 38 5;651;024033820543;1;1;0;1;0;0;0;0;0;0;0;0;0;0
2003 38 5;652;024033840797;1;1;0;0;0;0;0;0;0;1;0;0;1;0
2003 38 5;653;024033750236;3;0;0;1;1;0;0;0;0;0;0;0;0;0
2003 38 5;654;024033821176;3;1;0;1;0;0;0;0;0;0;1;1;0;0
2003 38 5;655;024033820388;3;1;0;0;0;0;0;0;0;1;0;0;1;0
2003 38 5;656;024033750307;5;0;0;1;0;1;0;0;0;0;0;0;0;0
2003 38 5;657;024033820202;5;1;0;1;0;0;0;0;0;0;0;0;0;0
2003 38 5;658;024033840763;5;1;0;0;0;0;0;0;0;1;0;0;1;0
2003 38 5;659;024033750453;3;0;0;1;1;0;0;1;0;0;0;0;0;1
2003 38 5;660;024033820523;3;1;0;1;0;0;0;0;0;0;0;0;0;0
2003 38 5;661;024033840238;3;0;0;0;0;1;0;0;0;0;0;0;0;0
2003 38 5;662;024033750535;3;1;0;0;0;0;0;1;0;0;0;0;0;0
2003 38 5;663;024033840760;3;1;0;1;0;0;0;0;0;0;0;0;0;0
2003 38 5;664;024033821137;3;1;0;1;0;0;0;0;1;0;1;1;0;0
2003 38 5;665;024033821100;3;0;0;0;1;0;0;0;0;1;0;0;1;0
2003 38 5;666;024033820324;6;1;0;1;0;0;0;0;0;0;0;0;0;0
2003 38 5;667;024033750536;10;1;0;1;0;0;0;0;0;0;0;0;0;0
2003 38 5;668;024033840718;10;0;0;0;0;1;0;1;0;0;0;0;0;0
2003 38 5;669;024033820577;10;1;0;1;0;0;0;0;0;0;0;0;0;0
2003 38 5;670;024033830065;10;0;0;1;1;0;0;0;0;0;0;0;0;0
2003 38 5;671;024033750333;10;1;0;0;0;0;0;0;0;0;0;0;0;0
2003 38 5;672;024033820185;10;1;0;1;0;0;0;0;0;0;0;1;0;0
2003 38 5;673;024033810222;10;0;0;1;0;1;0;0;0;0;0;0;0;0
2003 38 5;674;024033750576;10;1;0;0;0;0;0;0;0;0;1;0;0;0
2003 38 5;675;024033820385;10;1;0;1;0;0;0;0;0;0;0;0;0;0
2003 38 5;676;024033830883;10;0;0;1;1;0;0;0;0;0;0;0;0;0
2003 38 5;677;024033750247;1;1;0;0;0;0;0;0;0;0;0;0;0;0
2003 38 5;678;024033820985;1;1;0;1;0;0;0;0;0;0;0;0;0;0
2003 38 5;679;024033811324;1;0;0;0;0;1;0;0;0;0;0;0;0;0
2003 38 5;680;024033750340;1;1;0;1;0;0;0;0;0;0;0;0;0;0
2003 38 5;681;024033820402;1;1;0;1;0;0;0;0;0;0;0;1;0;0
2003 38 5;682;024033830901;1;0;0;0;0;1;0;1;0;0;0;0;0;0
2003 38 5;683;024033750199;1;1;0;0;0;0;1;0;0;0;1;0;0;0
2003 38 5;684;024033820279;1;0;0;1;1;0;0;0;0;0;0;0;0;0
2003 38 5;685;024033810450;1;1;0;1;0;0;0;0;0;0;0;0;0;0
2003 38 5;686;024033750260;11;1;0;0;0;0;0;0;0;1;0;0;1;0
2003 38 5;687;024033821000;11;0;1;1;0;0;0;0;0;0;0;0;0;0
2003 38 5;688;024033830025;11;1;0;1;0;0;0;0;0;0;0;0;0;0
2003 38 5;689;024033750380;11;1;0;0;0;0;0;0;0;1;0;0;1;0
2003 38 5;690;024033840767;5;0;0;1;0;1;0;0;0;0;0;0;0;0
2003 38 5;691;024033820189;5;1;0;0;0;0;0;1;0;0;0;0;0;0
2003 38 5;692;024033750291;5;1;0;1;0;0;0;0;0;0;0;0;0;0
2003 38 5;693;024033820547;3;0;0;1;1;0;0;0;0;0;0;1;0;0
2003 38 5;694;024033820897;10;1;0;1;0;0;0;0;0;0;1;0;0;0
2003 38 5;695;024033830522;10;0;0;0;0;1;0;1;0;0;0;0;0;0
2003 38 5;696;024033821201;10;1;0;1;0;0;0;0;0;0;0;0;0;0
2003 38 5;697;024033821034;10;1;0;1;0;0;0;0;0;0;0;0;0;0
2003 38 5;698;024033730052;8;1;0;0;0;0;0;0;0;0;0;0;0;0
2003 38 5;699;024033820786;3;0;0;1;1;0;0;1;0;0;0;1;0;1
2003 38 5;700;024033830816;3;0;0;1;0;1;0;0;0;0;0;0;0;0
2003 38 5;701;024033750435;11;1;0;0;0;0;0;0;0;1;0;0;1;0
2003 38 5;702;024033821186;11;1;0;1;0;0;0;0;0;0;0;0;0;0
2003 38 5;703;024033820542;11;0;1;1;0;0;0;0;0;0;0;0;0;0
2003 38 5;704;024033820143;1;1;0;0;0;0;1;0;0;0;1;0;0;0
2003 38 5;705;024033550610;1;1;0;1;0;0;0;0;0;0;0;0;0;0
2003 38 5;706;024033820894;1;0;0;1;0;1;0;0;0;0;0;0;0;0
2003 38 5;707;024033830698;1;1;0;0;0;0;0;0;0;0;0;0;0;0
2003 38 5;708;024033820886;9;1;0;1;0;0;0;0;0;0;0;0;0;0
2003 38 5;709;024033821170;3;0;0;1;1;0;0;0;0;0;0;0;0;0
2003 38 5;710;024033830206;3;1;0;0;0;0;0;0;0;0;0;0;0;0
2003 38 5;711;024033820537;3;1;0;1;0;0;0;0;0;0;1;1;0;0
2003 38 5;712;024033750266;3;0;0;1;0;1;0;0;0;0;0;0;0;0
2003 38 5;713;024033821205;8;1;0;0;0;0;0;0;0;0;0;0;0;0
2003 38 5;714;024033840820;8;1;0;1;0;0;0;0;0;0;0;0;0;0
2003 38 5;715;024033750200;8;0;0;0;1;0;0;0;0;0;0;0;0;0
2003 38 5;716;024033730067;5;1;0;1;0;0;0;0;0;0;0;0;0;0
2003 38 5;717;024033820396;5;1;0;1;0;0;0;0;0;0;0;0;0;0
2003 38 5;718;024033750245;7;0;0;0;0;1;0;0;0;0;0;0;0;0
2003 38 5;719;024033830881;7;1;0;1;0;0;0;0;0;0;0;0;0;0
2003 38 5;720;024033820802;7;1;0;0;0;0;0;0;0;0;0;0;0;0
2003 38 5;721;024033750369;3;0;0;1;1;0;0;0;0;1;0;0;1;0
2003 38 5;722;024033840099;3;1;0;1;0;0;0;0;1;0;1;1;0;0
2003 38 5;723;024033820835;1;0;0;0;0;1;0;0;0;0;0;0;0;0
2003 38 5;724;024033820834;1;1;0;0;0;0;0;0;0;1;0;0;1;0
2003 38 5;725;024033830890;1;1;0;1;0;0;0;0;0;0;0;0;0;0
2003 38 5;726;024033750534;1;0;1;1;0;0;0;0;0;0;0;0;0;0
2003 38 5;727;024033740086;1;1;0;0;0;0;0;0;0;1;0;0;1;0
2003 38 5;728;024033840690;1;0;0;1;0;1;0;0;0;0;0;0;0;0
2003 38 5;729;024033750256;1;1;0;1;0;0;0;0;0;0;0;0;0;0
2003 38 5;730;024033821149;10;1;0;0;0;0;0;1;0;0;0;0;0;1
2003 38 5;731;024033820024;10;0;0;1;1;0;0;0;0;0;0;1;0;0
2003 38 5;732;024033820838;10;1;0;1;0;0;0;0;0;0;0;0;0;0
2003 38 5;733;024033820349;10;1;0;0;0;0;0;0;0;0;0;0;0;0
2003 38 5;734;024033830727;5;0;0;1;0;1;0;0;0;0;0;0;0;0
2003 38 5;735;024033821093;5;1;0;1;0;0;0;0;0;0;0;0;0;0
2003 38 5;736;024033821150;5;1;0;0;0;0;0;0;0;0;0;0;0;0
2003 38 5;737;024033810117;5;0;0;1;1;0;0;0;0;1;0;0;1;0
2003 38 5;738;024033750412;5;1;0;1;0;0;0;0;0;0;0;1;0;0
2003 38 5;739;024033820514;5;0;0;0;0;1;0;1;0;0;0;0;0;0
2003 38 5;740;024033830822;4;1;0;1;0;0;0;0;0;0;0;0;0;0
2003 38 5;741;024033750321;4;1;0;0;0;0;0;0;0;0;1;0;0;0
2003 38 5;742;024033820739;11;0;1;1;0;0;0;0;0;0;0;0;0;0
2003 38 5;743;024033820361;1;1;0;1;0;0;0;0;0;0;0;0;0;0
2003 38 5;744;024033750537;1;0;0;0;0;1;0;0;0;0;0;0;0;0
2003 38 5;745;024033830726;1;1;0;1;0;0;0;0;0;0;0;0;0;0
2003 38 5;746;024033820144;3;1;0;1;0;0;0;0;0;0;0;0;0;0
2003 38 5;747;024033750415;3;0;0;0;1;0;0;0;0;0;0;1;0;0
2003 38 5;748;024033830069;6;1;0;1;0;0;0;0;0;0;0;0;0;0
2003 38 5;749;024033820222;6;0;0;1;0;1;0;0;0;0;0;0;0;0
2003 38 5;750;024033750354;10;1;0;0;0;0;0;0;0;0;1;0;0;0
2003 38 5;751;024033830699;10;0;0;1;1;0;0;0;0;1;0;0;1;0
2003 38 5;752;024033820936;10;1;0;1;0;0;0;0;0;0;0;0;0;0
2003 38 5;753;024033821095;10;1;0;0;0;0;0;0;0;0;0;0;0;0
2003 38 5;754;024033740284;6;0;0;1;0;1;0;0;0;0;0;0;0;0
2003 38 5;755;024033820170;6;1;0;1;0;0;0;0;0;0;0;0;0;0
2003 38 5;756;024033820950;12;1;0;0;0;0;0;0;0;0;0;0;0;0
2003 38 5;757;024033830723;12;0;0;1;1;0;0;0;0;0;0;1;0;0
2003 38 5;758;024033820256;12;1;0;1;0;0;0;0;0;0;0;0;0;0
2003 38 5;759;024033820513;12;0;0;0;0;1;0;1;0;0;0;0;0;0
2003 38 5;760;024033750452;4;1;0;1;0;0;0;0;0;0;0;0;0;0
2003 38 5;761;024033830701;4;0;1;1;0;0;0;0;0;0;0;0;0;0
2003 38 5;762;024033820245;3;1;0;0;0;0;1;0;0;0;1;0;0;0
2003 38 5;763;024033730359;3;1;0;1;0;0;0;0;0;0;0;0;0;0
2003 38 5;764;024033840194;3;0;0;1;0;1;0;0;0;0;0;0;0;0
2003 38 5;765;024033820178;3;1;0;0;0;0;0;0;0;1;0;0;1;0
2003 38 5;766;024033750246;3;0;0;1;1;0;0;1;0;0;0;1;0;1
2003 38 5;767;024033830668;1;1;0;1;0;0;0;0;0;0;0;0;0;0
2003 38 5;768;024033820215;1;1;0;0;0;0;0;0;0;0;1;0;0;0
2003 38 5;769;024033750274;1;0;0;0;0;1;0;0;0;0;0;0;0;0
2003 38 5;770;024033830023;4;1;0;1;0;0;0;0;0;0;0;0;0;0
2003 38 5;771;024033820151;4;1;0;1;0;0;0;1;0;0;0;0;0;0
2003 38 5;772;024033720371;4;0;0;0;1;0;0;0;0;1;0;1;1;0
2003 38 5;773;024033840749;4;1;0;1;0;0;0;0;0;0;0;0;0;0
2003 38 5;774;024033820861;7;0;0;1;0;1;0;0;0;0;0;0;0;0
2003 38 5;775;024033840108;7;1;0;0;0;0;0;1;0;0;1;0;0;0
2003 38 5;776;024033820570;11;1;0;1;0;0;0;0;0;0;0;0;0;0
2003 38 5;777;024033750197;11;0;1;1;0;0;0;0;0;0;0;0;0;0
2003 38 5;778;024033830696;8;1;0;0;0;0;0;0;0;0;0;0;0;0
2003 38 5;779;024033750262;8;1;0;1;0;0;0;0;0;0;0;1;0;0
2003 38 5;780;024033750030;12;0;0;1;0;1;0;0;0;0;0;0;0;0
2003 38 5;781;024033820076;2;1;0;0;0;0;0;0;0;0;1;0;0;0
2003 38 5;782;024033820929;2;1;0;1;0;0;0;0;0;0;0;0;0;0
2003 38 5;783;024033750448;2;0;0;1;1;0;0;0;0;1;0;0;1;0
2003 38 5;784;024033830574;2;1;0;0;0;0;0;0;0;0;0;0;0;0
2003 38 5;785;024033820588;2;1;0;1;0;0;0;0;0;0;0;0;0;0
2003 38 5;786;024033821096;9;0;0;1;0;1;0;0;0;0;0;0;0;0
2003 38 5;787;024033820131;9;1;0;0;0;0;0;0;0;0;1;0;0;0
2003 38 5;788;024033750395;9;0;0;0;1;0;0;0;0;0;0;1;0;0
2003 38 5;789;024033830576;9;1;0;1;0;0;0;0;0;0;0;0;0;0
2003 38 5;790;024033820211;9;1;0;1;0;0;0;0;0;0;0;0;0;0
2003 38 5;791;024033750338;9;0;0;0;0;1;0;0;0;0;0;0;0;0
2003 38 5;792;024033830024;9;1;0;1;0;0;0;0;0;1;0;0;1;0
2003 38 5;793;024033840790;9;1;0;0;0;0;0;0;0;0;1;0;0;0
2003 38 5;794;024033750365;3;0;0;1;1;0;0;0;0;0;0;1;0;0
2003 38 5;795;024033740092;3;1;0;1;0;0;0;0;0;0;0;0;0;0
2003 38 5;796;024033840688;3;0;0;0;0;1;0;0;0;0;0;0;0;0
2003 38 5;797;024033821158;3;1;0;1;0;0;0;0;0;0;0;0;0;0
2003 38 5;798;024033750008;11;0;1;1;0;0;0;0;0;0;0;0;0;0
2003 38 5;799;024033840745;5;1;0;0;0;0;0;0;0;1;0;0;1;0
2003 38 5;800;024033820944;5;1;0;0;0;0;0;1;0;0;0;0;0;0
2003 38 5;801;024033750460;5;0;0;1;0;1;0;0;0;0;0;0;0;0
2003 38 5;802;024033820579;3;1;0;1;0;0;0;0;0;0;0;1;0;0
2003 38 5;803;024033820077;3;0;0;0;1;0;0;0;0;0;0;0;0;0
2003 38 5;804;024033750454;1;1;0;0;0;0;0;0;0;1;0;0;1;0
2003 38 5;805;024033820866;1;1;0;1;0;0;0;0;0;0;0;0;0;0
2003 38 5;806;024033840741;1;0;0;1;0;1;0;0;0;0;0;0;0;0
2003 38 5;807;024033750358;1;1;0;0;0;0;1;0;0;0;1;0;0;0
2003 38 5;808;024033820852;2;1;0;1;0;0;0;0;0;0;0;0;0;0
2003 38 5;809;024033840009;2;0;0;1;1;0;0;0;0;1;0;1;1;0
2003 38 5;810;024033750522;2;1;0;0;0;0;0;0;0;0;0;0;0;0
2003 38 5;811;024033740081;5;0;0;1;0;1;0;0;0;0;0;0;0;0
2003 38 5;812;024033830796;5;1;0;1;0;0;0;0;0;0;0;0;0;0
2003 38 5;813;024033750003;5;1;0;0;0;0;0;0;0;1;0;0;1;0
2003 38 5;814;024033830062;11;0;1;1;0;0;0;0;0;0;0;0;0;0
2003 38 5;815;024033820841;11;1;0;1;0;0;0;0;0;0;0;0;0;0
2003 38 5;816;024033820193;12;1;0;0;0;0;0;0;0;0;1;0;0;0
2003 38 5;817;024033830774;12;0;0;1;0;1;0;0;0;0;0;0;0;0
2003 38 5;818;024033821008;12;1;0;1;0;0;0;0;0;0;0;0;0;0
2003 38 5;819;024033750190;3;1;0;0;0;0;0;0;0;1;0;0;1;0
2003 38 5;820;024033650753;3;0;0;1;1;0;0;0;0;0;0;0;0;0
2003 38 5;821;024033820260;3;1;0;1;0;0;0;0;0;0;0;0;0;0
2003 38 5;822;024033750271;3;1;0;1;0;0;0;0;1;0;1;1;0;0
2003 38 5;823;024033820823;3;0;0;0;0;1;0;0;0;0;0;0;0;0
2003 38 5;824;024033821123;3;1;0;1;0;0;0;1;0;0;0;0;0;1
2003 38 5;825;024033720051;3;0;0;1;1;0;0;0;0;1;0;0;1;0
2003 38 5;826;024033821142;7;1;0;0;0;0;1;0;0;0;0;0;0;0
2003 38 5;827;024033820528;7;1;0;1;0;0;0;0;0;0;0;0;0;0
2003 38 5;828;024033750546;7;0;0;0;0;1;0;0;0;0;0;0;0;0
2003 38 5;829;024033820522;3;1;0;1;0;0;0;0;0;0;1;1;0;0
2003 38 5;830;024033820948;3;1;0;1;0;0;0;0;0;0;0;0;0;0
2003 38 5;831;024033740274;3;0;0;0;1;0;0;0;0;1;0;1;1;0
2003 38 5;832;024033820274;3;1;0;1;0;0;0;0;0;0;0;0;0;0
2003 38 5;833;024033830665;3;1;0;1;0;0;0;0;0;0;0;0;0;0
2003 38 5;834;024033821092;3;0;0;0;0;1;0;1;0;0;0;0;0;0
2003 38 5;835;024033821190;3;1;0;1;0;0;0;0;0;0;0;0;0;0
2003 38 5;836;024033830599;3;1;0;0;0;0;0;0;0;0;1;0;0;0
2003 38 5;837;024033750501;3;0;0;1;1;0;0;0;0;1;0;0;1;0
2003 38 5;838;024033810122;3;1;0;1;0;0;0;0;0;0;0;1;0;0
2003 38 5;839;024033820192;1;1;0;0;0;0;0;0;0;0;0;0;0;0
2003 38 5;840;024033821193;1;0;0;1;0;1;0;0;0;0;0;0;0;0
2003 38 5;841;024033840782;1;1;0;1;0;0;0;0;0;0;0;0;0;0
2003 38 5;842;024033750374;1;1;0;0;0;0;0;0;0;0;0;0;0;0
2003 38 5;843;024033830020;1;0;1;1;0;0;0;0;0;0;0;0;0;0
2003 38 5;844;024033821046;1;1;0;1;0;0;0;0;0;0;0;0;0;0
2003 38 5;845;024033821151;1;1;0;0;0;0;0;0;0;1;0;0;1;0
2003 38 5;846;024033840766;3;0;0;1;0;1;0;0;0;0;0;0;0;0
2003 38 5;847;024033710378;3;1;0;1;0;0;0;0;0;0;0;0;0;0
2003 38 5;848;024033820924;3;1;0;1;0;0;0;0;0;0;0;0;0;0
2003 38 5;849;024033821007;3;0;0;0;1;0;1;0;0;1;0;1;1;0
2003 38 5;850;024033840740;13;1;0;1;0;0;0;0;0;0;0;0;0;0
2003 38 5;851;024033821020;13;1;0;0;0;0;0;0;0;0;1;0;0;0
2003 38 5;852;024033750265;5;0;0;1;0;1;0;0;0;0;0;0;0;0
2003 38 5;853;024033840205;5;1;0;1;0;0;0;0;0;0;0;0;0;0
2003 38 5;854;024033820546;5;1;0;0;0;0;0;0;0;1;0;0;1;0
2003 38 5;855;024033750413;5;0;0;1;0;1;0;0;0;0;0;0;0;0
2003 38 5;856;024033830697;5;1;0;1;0;0;0;0;0;0;0;0;0;0
2003 38 5;857;024033820241;5;1;0;0;0;0;0;0;0;1;0;0;1;0
2003 38 5;858;024033820531;3;0;0;1;1;0;0;0;0;0;0;0;0;0
2003 38 5;859;024033740405;3;1;0;1;0;0;0;0;0;0;0;1;0;0
2003 38 5;860;024033821141;7;1;0;0;0;0;0;0;0;0;1;0;0;0
2003 38 5;861;024033830725;7;0;0;1;0;1;0;0;0;0;0;0;0;0
2003 38 5;862;024033750362;2;1;0;1;0;0;0;0;0;0;0;0;0;0
2003 38 5;863;024033820266;2;1;0;0;0;0;0;0;0;0;0;0;0;0
2003 38 5;864;024033830018;2;0;0;1;1;0;0;0;0;0;0;1;0;0
2003 38 5;865;024033821143;2;1;0;0;0;0;0;0;0;1;0;0;1;0
2003 38 5;866;024033750575;2;1;0;1;0;0;0;0;0;0;0;0;0;0
2003 38 5;867;024033830650;6;0;1;1;0;0;0;0;0;0;0;0;0;0
2003 38 5;868;024033821003;1;0;0;0;0;1;0;1;0;0;0;0;0;0
2003 38 5;869;024033840153;1;1;0;1;0;0;0;0;0;0;0;0;0;0
2003 38 5;870;024033730317;1;0;0;0;1;0;0;0;0;0;0;0;0;0
2003 38 5;871;024033820293;1;1;0;1;0;0;0;0;0;0;0;0;0;0
2003 38 5;872;024033820489;1;1;0;1;0;0;0;0;0;0;0;1;0;0
2003 38 5;873;024033830681;7;0;0;0;0;1;0;1;0;0;0;0;0;0
2003 38 5;874;024033821228;7;1;0;1;0;0;0;0;0;0;0;0;0;0
2003 38 5;875;024033750545;7;1;0;1;0;0;0;0;0;0;0;0;0;0
2003 38 5;876;024033830276;7;0;0;0;1;0;0;0;0;0;0;0;0;0
2003 38 5;877;024033821031;7;1;0;1;0;0;0;0;0;0;0;0;0;0
2003 38 5;878;024033750449;12;0;0;1;0;1;0;0;0;0;0;0;0;0
2003 38 5;879;024033830609;12;1;0;0;0;0;0;0;0;0;0;0;0;0
2003 38 5;880;024033821013;9;1;0;1;0;0;0;0;0;0;1;0;0;0
2003 38 5;881;024033821005;9;0;0;1;1;0;0;0;1;0;0;1;0;0
2003 38 5;882;024033730010;1;1;0;0;0;0;0;0;0;1;0;0;1;0
2003 38 5;883;024033821081;1;0;0;1;0;1;0;0;0;0;0;0;0;0
2003 38 5;884;024033830602;1;1;0;0;0;0;0;0;0;0;0;0;0;0
2003 38 5;885;024033820991;6;1;0;1;0;0;0;0;0;0;0;0;0;0
2003 38 5;886;024033820830;6;0;1;1;0;0;0;0;0;0;0;0;0;0
2003 38 5;887;024033830027;1;1;0;0;0;0;1;0;0;0;1;0;0;0
2003 38 5;888;024033820287;1;0;0;1;0;1;0;0;0;0;0;0;0;0
2003 38 5;889;024033750485;10;1;0;0;0;0;0;0;0;0;0;0;0;0
2003 38 5;890;024033830667;10;0;0;1;1;0;0;0;0;0;0;1;0;0
2003 38 5;891;024033820994;10;1;0;0;0;0;0;0;0;0;0;0;0;0
2003 38 5;892;024033820203;10;1;0;1;0;0;0;0;0;0;0;0;0;0
2003 38 5;893;024033710231;10;0;0;0;0;1;0;1;0;0;0;0;0;0
2003 38 5;894;024033820578;10;1;0;1;0;0;0;0;0;0;0;0;0;0
2003 38 5;895;024033820006;2;1;0;0;0;0;0;0;0;0;0;0;0;0
2003 38 5;896;024033830005;2;0;0;1;1;0;0;0;0;1;0;0;1;0
2003 38 5;897;024033821220;1;1;0;1;0;0;0;0;0;0;0;0;0;0
2003 38 5;898;024033750283;1;0;0;0;0;1;0;0;0;0;0;0;0;0
2003 38 5;899;024033840199;1;1;0;1;0;0;0;0;1;0;1;1;0;0
2003 38 5;900;024033821041;1;1;0;1;0;0;0;0;0;0;0;0;0;0
2003 38 5;901;024033710560;1;0;0;0;0;1;0;0;0;0;0;0;0;0
2003 38 5;902;024033830236;1;1;0;1;0;0;0;0;0;0;0;0;0;0
2003 38 5;903;024033840733;6;0;0;1;1;0;0;0;0;1;0;0;1;0
2003 38 5;904;024033750363;6;1;0;0;0;0;0;0;0;0;0;0;0;0
2003 38 5;905;024033820738;6;1;0;1;0;0;0;0;0;0;0;0;0;0
2003 38 5;906;024033840072;6;1;0;1;0;0;0;0;0;0;0;0;0;0
2003 38 5;907;024033750533;6;0;0;1;0;1;0;0;0;0;0;0;0;0
2003 38 5;908;024033820765;8;1;0;0;0;0;0;0;0;0;1;0;0;0
2003 38 5;909;024033840773;8;0;0;1;1;0;0;0;0;0;0;1;0;0
2003 38 5;910;024033750267;8;1;0;0;0;0;0;0;0;0;0;0;0;0
2003 38 5;911;024033820194;1;1;0;1;0;0;0;0;0;0;0;0;0;0
2003 38 5;912;024033820370;1;0;0;1;0;1;0;0;0;0;0;0;0;0
2003 38 5;913;024033750341;1;1;0;0;0;0;0;0;0;1;0;0;1;0
2003 38 5;914;024033830604;1;1;0;1;0;0;0;0;0;0;0;0;0;0
2003 38 5;915;024033820276;1;1;0;1;0;0;0;0;0;0;0;1;0;0
2003 38 5;916;024033750355;1;0;0;0;0;1;0;0;0;0;0;0;0;0
2003 38 5;917;024033830058;11;1;0;1;0;0;0;0;0;0;0;0;0;0
2003 38 5;918;024033821033;11;0;1;1;0;0;0;0;0;0;0;0;0;0
2003 38 5;919;024033810024;11;1;0;0;0;0;0;0;0;1;0;0;1;0
2003 38 5;920;024033820186;11;1;0;1;0;0;0;0;0;0;0;0;0;0
2003 38 5;921;024033740089;13;0;0;0;0;1;0;0;0;0;0;0;0;0
2003 38 5;922;024033830705;2;1;0;1;0;0;0;0;0;0;0;0;0;0
2003 38 5;923;024033821006;2;0;0;1;1;0;0;0;0;1;0;0;1;0
2003 38 5;924;024033750284;2;1;0;0;0;0;0;0;0;0;0;0;0;0
2003 38 5;925;024033840500;2;1;0;1;0;0;0;0;0;0;0;0;0;0
2003 38 5;926;024033820891;1;0;0;0;0;1;0;0;0;0;0;0;0;0
2003 38 5;927;024033750942;1;1;0;1;0;0;0;0;1;0;1;1;0;0
2003 38 5;928;024033820311;1;1;0;1;0;0;0;0;0;0;0;0;0;0
2003 38 5;929;024033820219;1;0;0;1;1;0;0;0;0;1;0;0;1;0
2003 38 5;930;024033750250;1;1;0;0;0;0;0;0;0;0;0;0;0;0
2003 38 5;931;024033840818;1;0;0;1;0;1;0;0;0;0;0;0;0;0
2003 38 5;932;024033820803;1;1;0;1;0;0;0;0;0;0;0;0;0;0
2003 38 5;933;024033820011;1;1;0;0;0;0;0;0;0;1;0;0;1;0
2003 38 5;934;024033810026;1;1;0;1;0;0;0;0;0;0;0;0;0;0
2003 38 5;935;024033750386;1;0;0;1;0;1;0;0;0;0;0;0;0;0
2003 38 5;936;024033820205;7;1;0;0;0;0;0;1;0;0;1;0;0;0
2003 38 5;937;024033830815;7;0;0;0;1;0;0;0;0;1;0;1;1;0
2003 38 5;938;024033750439;1;1;0;1;0;0;0;0;0;0;0;0;0;0
2003 38 5;939;024033821015;1;1;0;1;0;0;0;0;0;0;0;0;0;0
2003 38 5;940;024033810411;1;0;0;0;0;1;0;0;0;0;0;0;0;0
2003 38 5;941;024033750371;9;1;0;1;0;0;0;0;0;0;0;0;0;0
2003 38 5;942;024033820353;9;1;0;0;0;0;0;1;0;0;0;0;0;1
2003 38 5;943;024033830578;9;0;0;1;1;0;0;0;0;0;0;0;0;0
2003 38 5;944;024033820930;9;1;0;1;0;0;0;0;0;0;0;0;0;0
2003 38 5;945;024033820014;9;1;0;0;0;0;0;0;0;0;1;0;0;0
2003 38 5;946;024033840124;12;0;0;1;0;1;0;0;0;0;0;0;0;0
2003 38 5;947;024033750378;12;1;0;1;0;0;0;0;0;0;0;1;0;0
2003 38 5;948;024033820544;11;1;0;0;0;0;0;0;0;1;0;0;1;0
2003 38 5;949;024033840175;11;0;1;1;0;0;0;0;0;0;0;0;0;0
2003 38 5;950;024033740285;11;1;0;1;0;0;0;0;0;0;0;0;0;0
2003 38 5;951;024033840748;9;0;0;0;0;1;0;0;0;0;0;0;0;0
2003 38 5;952;024033820969;9;1;0;1;0;0;0;0;0;0;0;0;0;0
2003 38 5;953;024033840105;9;0;0;1;1;0;0;0;0;1;0;0;1;0
2003 38 5;954;024033820885;9;1;0;0;0;0;0;1;0;0;1;0;0;0
2003 38 5;955;024033750572;9;1;0;1;0;0;0;0;0;0;0;0;0;0
2003 38 5;956;024033830719;5;0;0;1;0;1;0;0;0;0;0;0;0;0
2003 38 5;957;024033820221;8;1;0;0;0;0;0;0;0;0;0;0;0;0
2003 38 5;958;024033820392;8;1;0;1;0;0;0;0;0;0;0;0;0;0
2003 38 5;959;024033710108;3;0;0;1;1;0;0;0;0;0;0;1;0;0
2003 38 5;960;024033820833;8;1;0;0;0;0;0;0;0;0;1;0;0;0
2003 38 5;961;024033820943;6;1;0;1;0;0;0;0;0;0;0;0;0;0
2003 38 5;962;024033750955;6;0;0;1;0;1;0;0;0;0;0;0;0;0
2003 38 5;963;024033820582;10;1;0;0;0;0;0;0;0;0;0;0;0;0
2003 38 5;964;024033830286;10;1;0;1;0;0;0;0;0;0;0;0;0;0
2003 38 5;965;024033750484;10;0;0;0;0;1;0;1;0;0;0;0;0;0
2003 38 5;966;024033821140;6;1;0;1;0;0;0;0;0;0;0;0;0;0
2003 38 5;967;024033840700;6;1;0;1;0;0;0;0;0;0;0;0;0;0
2003 38 5;968;024033750203;6;0;1;1;0;0;0;0;0;0;0;0;0;0
2003 38 5;969;024033820589;2;1;0;0;0;0;0;0;0;1;0;0;1;0
2003 38 5;970;024033820297;2;0;0;1;1;0;0;0;0;0;0;1;0;0
2003 38 5;971;024033820183;2;1;0;1;0;0;0;0;0;0;0;0;0;0
2003 38 5;972;024033750364;3;1;0;0;0;0;1;0;0;0;0;0;0;0
2003 38 5;973;024033830684;3;0;0;1;0;1;0;0;0;0;0;0;0;0
2003 38 5;974;024033750308;3;1;0;1;0;0;0;0;0;0;0;0;0;0
2003 38 5;975;024033750417;3;1;0;0;0;0;0;1;0;0;0;0;0;0
2003 38 5;976;024033840155;3;0;0;1;1;0;0;0;0;0;0;1;0;0
2003 38 5;977;024033820257;3;1;0;1;0;0;0;0;0;0;0;0;0;0
2003 38 5;978;024033750348;7;1;0;0;0;0;0;0;0;0;1;0;0;0
2003 38 5;979;024033830603;7;0;0;1;0;1;0;0;0;0;0;0;0;0
2003 38 5;980;024033820518;7;1;0;1;0;0;0;0;0;0;0;0;0;0
2003 38 5;981;024033750407;7;1;0;0;0;0;0;0;0;0;0;0;0;0
2003 38 5;982;024033820304;7;1;0;1;0;0;0;0;0;0;0;0;0;0
2003 38 5;983;024033821085;7;0;0;1;1;0;0;1;0;0;0;1;0;1
2003 38 5;984;024033750300;7;1;0;0;0;0;0;0;0;0;0;0;0;0
2003 38 5;985;024033840823;7;0;0;0;0;1;0;0;0;0;0;0;0;0
2003 38 5;986;024033821094;2;1;0;1;0;0;0;0;0;0;0;0;0;0
2003 38 5;987;024033820576;2;1;0;1;0;0;0;0;0;0;0;0;0;0
2003 38 5;988;024033750375;2;1;0;0;0;0;1;0;0;0;0;0;0;0
2003 38 5;989;024033821252;11;0;1;1;0;0;0;0;0;0;0;0;0;0
2003 38 5;990;024033820970;1;1;0;1;0;0;0;0;0;0;0;0;0;0
2003 38 5;991;024033840734;1;0;0;0;0;1;0;0;0;0;0;0;0;0
2003 38 5;992;024033750416;1;1;0;1;0;0;0;0;0;0;0;0;0;0
2003 38 5;993;024033830291;3;1;0;1;0;0;0;0;0;0;0;0;0;0
2003 38 5;994;024033820284;3;0;0;0;1;0;0;0;0;0;0;1;0;0
2003 38 5;995;024033740528;1;1;0;1;0;0;0;0;0;1;0;0;1;0
2003 38 5;996;024033830683;1;1;0;1;0;0;0;0;0;0;0;0;0;0
2003 38 5;997;024033820878;1;0;0;0;0;1;0;0;0;0;0;0;0;0
2003 38 5;998;024033750564;2;1;0;1;0;0;0;0;0;0;0;0;0;0
2003 38 5;999;024033840075;2;1;0;0;0;0;0;0;0;0;0;0;0;0
2003 38 5;1000;024033820352;3;0;0;1;1;0;0;0;0;0;0;1;0;0
2003 38 5;1001;024033750406;7;1;0;1;0;0;0;0;0;0;0;0;0;0
2003 38 5;1002;024033830582;7;0;0;0;0;1;0;1;0;0;0;0;0;0
2003 38 5;1003;024033820254;6;1;0;1;0;0;0;0;0;0;0;0;0;0
2003 38 5;1004;024033820949;11;1;0;1;0;0;0;0;0;0;0;0;0;0
2003 38 5;1005;024033730339;11;0;1;1;0;0;0;0;0;0;0;0;0;0
2003 38 5;1006;024033821028;11;1;0;0;0;0;0;0;0;1;0;0;1;0
2003 38 5;1007;024033830553;12;0;0;1;0;1;0;0;0;0;0;0;0;0
2003 38 5;1008;024033750361;3;1;0;1;0;0;0;0;0;0;0;0;0;0
2003 38 5;1009;024033821004;3;1;0;0;0;0;0;0;0;0;0;0;0;0
2003 38 5;1010;024033840739;3;0;0;1;1;0;0;0;0;0;0;1;0;0
2003 38 5;1011;024033740278;5;1;0;0;0;0;0;0;0;1;0;0;1;0
2003 38 5;1012;024033820397;5;1;0;1;0;0;0;0;0;0;0;0;0;0
2003 38 5;1013;024033840723;5;0;0;0;0;1;0;1;0;0;0;0;0;0
2003 38 5;1014;024033750450;5;1;0;1;0;0;0;0;0;0;0;0;0;0
2003 38 5;1015;024033840012;9;1;0;1;0;0;0;0;0;0;0;0;0;0
2003 38 5;1016;024033820376;9;0;0;0;1;0;0;0;0;0;0;0;0;0
2003 38 5;1017;024033750270;9;1;0;1;0;0;0;0;0;0;0;0;0;0
2003 38 5;1018;024033840779;9;0;0;0;0;1;0;0;0;0;0;0;0;0
2003 38 5;1019;024033820971;9;1;0;1;0;0;0;0;0;0;0;0;0;0
2003 38 5;1020;024033730312;9;1;0;1;0;0;0;0;0;0;1;0;0;0
2003 38 5;1021;024033820213;9;1;0;0;0;0;0;0;0;1;0;0;1;0
2003 38 5;1022;024033820864;3;0;0;1;1;0;0;0;0;0;0;1;0;0
2003 38 5;1023;024033830184;3;0;0;1;0;1;0;0;0;0;0;0;0;0
2003 38 5;1024;024033821099;3;1;0;0;0;0;0;0;0;1;0;0;1;0
2003 38 5;1025;024033840705;3;0;1;1;0;0;0;0;0;0;0;0;0;0
2003 38 5;1026;024033840259;5;1;0;1;0;0;0;0;0;0;0;0;0;0
2003 38 5;1027;024033820551;5;1;0;0;0;0;0;1;0;0;1;0;0;0
2003 38 5;1028;024033740476;5;0;0;1;0;1;0;0;0;0;0;0;0;0
2003 38 5;1029;024033821022;5;1;0;1;0;0;0;0;0;0;0;0;0;0
2003 38 5;1030;024033830580;5;0;0;0;1;0;0;1;0;0;0;1;0;1
2003 38 5;1031;024033750196;5;1;0;0;0;0;0;0;0;0;0;0;0;0
2003 38 5;1032;024033720146;5;1;0;1;0;0;0;0;0;0;0;0;0;0
2003 38 5;1033;024033820712;5;0;0;0;0;1;0;0;0;0;0;0;0;0
2003 38 5;1034;024033750498;8;1;0;0;0;0;0;0;0;0;1;0;0;0
2003 38 5;1035;024033840821;9;1;0;1;0;0;0;0;0;0;0;0;0;0
2003 38 5;1036;024033820892;9;0;0;1;1;0;0;0;0;1;0;0;1;0
2003 38 5;1037;024033750011;9;1;0;0;0;0;0;0;0;0;0;0;0;0
2003 38 5;1038;024033820084;9;1;0;1;0;0;0;0;0;0;0;0;0;0
2003 38 5;1039;024033820027;9;0;0;1;0;1;0;0;0;0;0;0;0;0
2003 38 5;1040;024033750212;3;1;0;0;0;0;0;1;0;0;1;0;0;0
2003 38 5;1041;024033840774;3;0;0;1;1;0;0;0;0;0;0;1;0;0
2003 38 5;1042;024033821161;5;1;0;1;0;0;0;0;0;0;0;0;0;0
2003 38 5;1043;024033750257;5;1;0;0;0;0;0;0;0;1;0;0;1;0
2003 38 5;1044;024033820078;5;0;0;1;0;1;0;0;0;0;0;0;0;0
2003 38 5;1045;024033820848;2;1;0;1;0;0;0;0;0;0;0;0;0;0
2003 38 5;1046;024033840791;2;1;0;0;0;0;0;0;0;0;0;0;0;0
2003 38 5;1047;024033750397;3;0;0;1;1;0;0;0;0;0;0;1;0;0
2003 38 5;1048;024033820137;11;1;0;1;0;0;0;0;0;0;0;0;0;0
2003 38 5;1049;024033840815;11;1;0;0;0;0;0;0;0;1;0;0;1;0
2003 38 5;1050;024033820800;11;0;1;1;0;0;0;0;0;0;0;0;0;0
2003 38 5;1051;024033740049;6;0;0;1;0;1;0;0;0;0;0;0;0;0
2003 38 5;1052;024033820549;8;1;0;0;0;0;1;1;0;0;0;0;0;0
2003 38 5;1053;024033821169;8;1;0;1;0;0;0;0;0;0;0;0;0;0
2003 38 5;1054;024033750390;8;0;0;1;1;0;0;0;0;1;0;0;1;0
2003 38 5;1055;024033840772;8;1;0;0;0;0;0;0;0;0;0;0;0;0
2003 38 5;1056;024033830061;5;1;0;1;0;0;0;0;0;0;0;0;0;0
2003 38 5;1057;024033820758;5;0;0;1;0;1;0;0;0;0;0;0;0;0
2003 38 5;1058;024033710192;5;1;0;0;0;0;0;0;0;0;0;0;0;0
2003 38 5;1059;024033750248;3;1;0;1;0;0;0;0;1;0;1;1;0;0
2003 38 5;1060;024033820010;3;1;0;1;0;0;0;0;0;0;0;0;0;0
2003 38 5;1061;024033840801;3;0;0;0;1;0;0;0;0;0;0;1;0;0
2003 38 5;1062;024033750376;3;1;0;1;0;0;0;0;0;0;0;0;0;0
2003 38 5;1063;024033820870;3;1;0;1;0;0;0;0;0;0;0;0;0;0
2003 38 5;1064;024033840143;3;0;0;0;0;1;0;1;0;0;0;0;0;0
2003 38 5;1065;024033730665;3;1;0;1;0;0;0;0;0;0;0;0;0;0
2003 38 5;1066;024033840798;3;1;0;1;0;0;0;0;0;0;0;0;0;0
2003 38 5;1067;024033820368;3;0;0;0;1;0;0;0;0;0;0;1;0;0
2003 38 5;1068;024033821138;1;1;0;1;0;0;0;0;0;0;0;0;0;0
2003 38 5;1069;024033810944;1;1;0;0;0;0;0;0;0;1;0;0;1;0
2003 38 5;1070;024033821163;1;0;0;1;0;1;0;0;0;0;0;0;0;0
2003 38 5;1071;024033840775;2;1;0;1;0;0;0;0;0;0;0;0;0;0
2003 38 5;1072;024033720224;2;1;0;1;0;0;0;0;0;0;0;0;0;0
2003 38 5;1073;024033820975;10;0;0;0;1;0;0;0;0;0;0;0;0;0
2003 38 5;1074;024033820560;10;1;0;1;0;0;0;0;0;0;0;0;0;0
2003 38 5;1075;024033750223;10;0;0;0;0;1;0;0;0;0;0;0;0;0
2003 38 5;1076;024033840787;10;1;0;1;0;0;0;0;0;0;0;1;0;0
2003 38 5;1077;024033820001;10;1;0;0;0;0;0;1;0;0;1;0;0;0
2003 38 5;1078;024033750489;11;0;1;1;0;0;0;0;0;0;0;0;0;0
2003 38 5;1079;024033840794;11;1;0;1;0;0;0;0;0;0;0;0;0;0
2003 38 5;1080;024033821200;11;1;0;0;0;0;0;0;0;1;0;0;1;0
2003 38 5;1081;024033740275;1;0;0;1;0;1;0;0;0;0;0;0;0;0
2003 38 5;1082;024033820585;1;1;0;1;0;0;0;0;0;0;0;0;0;0
2003 38 5;1083;024033820813;3;1;0;0;0;0;0;0;0;0;0;0;0;0
2003 38 5;1084;024033840747;3;1;0;1;0;0;0;0;1;0;1;1;0;0
2003 38 5;1085;024033750373;3;0;0;1;1;0;0;0;0;1;0;0;1;0
2003 38 5;1086;024033820890;1;1;0;0;0;0;0;0;0;0;0;0;0;0
2003 38 5;1087;024033830268;1;1;0;1;0;0;0;0;0;0;0;0;0;0
2003 38 5;1088;024033820995;1;0;0;1;0;1;0;0;0;0;0;0;0;0
2003 38 5;1089;024033740291;1;1;0;0;0;0;0;0;0;1;0;0;1;0
2003 38 5;1090;024033830610;1;1;0;0;0;0;0;1;0;0;0;0;0;0
2003 38 5;1091;024033821147;1;0;0;1;1;0;0;0;0;0;0;1;0;0
2003 38 5;1092;024033750377;1;1;0;1;0;0;0;0;0;0;0;0;0;0
2003 38 5;1093;024033840269;1;1;0;0;0;0;1;0;0;0;1;0;0;0
2003 38 5;1094;024033820285;1;0;0;1;0;1;0;0;0;0;0;0;0;0
2003 38 5;1095;024033820119;11;1;0;1;0;0;0;0;0;0;0;0;0;0
2003 38 5;1096;024033830805;11;1;0;0;0;0;0;0;0;1;0;0;1;0
2003 38 5;1097;024033750213;11;0;1;1;0;0;0;0;0;0;0;0;0;0
2003 38 5;1098;024033750157;11;1;0;1;0;0;0;0;0;0;0;0;0;0
2003 38 5;1099;024033840245;9;1;0;0;0;0;0;0;0;1;0;0;1;0
2003 38 5;1100;024033820231;9;0;0;1;0;1;0;0;0;0;0;0;0;0
2003 38 5;1101;024033821088;9;1;0;1;0;0;0;0;0;0;0;0;0;0
2003 38 5;1102;024033830063;3;0;0;0;1;0;0;0;0;1;0;1;1;0
2003 38 5;1103;024033820175;1;1;0;1;0;0;0;0;0;0;0;0;0;0
2003 38 5;1104;024033830569;1;1;0;1;0;0;0;1;0;0;0;0;0;0
2003 38 5;1105;024033740559;1;1;0;0;0;0;0;0;0;0;0;0;0;0
2003 38 5;1106;024033820711;6;0;0;1;0;1;0;0;0;0;0;0;0;0
2003 38 5;1107;024033750328;6;1;0;1;0;0;0;0;0;0;0;0;0;0
2003 38 5;1108;024033821146;8;0;0;0;1;0;0;0;0;0;0;1;0;0
2003 38 5;1109;024033820942;12;1;0;1;0;0;0;0;0;0;0;0;0;0
2003 38 5;1110;024033830583;12;1;0;1;0;0;0;0;0;0;0;0;0;0
2003 38 5;1111;024033820927;12;0;0;0;0;1;0;0;0;0;0;0;0;0
2003 38 5;1112;024033750396;10;1;0;1;0;0;0;0;0;0;0;0;0;0
2003 38 5;1113;024033840241;10;1;0;1;0;0;0;0;0;0;0;0;0;0
2003 38 5;1114;024033820172;10;0;0;0;0;1;0;1;0;0;0;0;0;0
2003 38 5;1115;024033740082;2;1;0;1;0;0;0;0;0;1;0;0;1;0
2003 38 5;1116;024033830809;2;0;0;0;1;0;0;0;0;0;0;1;0;0
2003 38 5;1117;024033750558;2;1;0;1;0;0;0;0;0;0;0;0;0;0
2003 38 5;1118;024033820876;13;0;1;1;0;0;0;0;0;0;0;0;0;0
2003 38 5;1119;024033820955;1;1;0;0;0;0;0;0;0;0;1;0;0;0
2003 38 5;1120;024033810937;1;0;0;1;0;1;0;0;0;0;0;0;0;0
2003 38 5;1121;024033820354;1;1;0;1;0;0;0;0;0;0;0;0;0;0
2003 38 5;1122;024033820204;1;1;0;0;0;0;0;0;0;0;0;0;0;0
2003 38 5;1123;024033740079;3;0;0;1;1;0;0;0;0;1;0;0;1;0
2003 38 5;1124;024033840753;3;1;0;1;0;0;0;1;0;0;0;0;0;1
2003 38 5;1125;024033820831;3;1;0;0;0;0;0;0;0;0;0;1;0;0
2003 38 5;1126;024033840101;3;0;0;1;0;1;0;0;0;0;0;0;0;0
2003 38 5;1127;024033820557;3;1;0;1;0;0;0;0;0;0;0;0;0;0
2003 38 5;1128;024033750211;3;1;0;0;0;0;0;0;0;0;1;0;0;0
2003 38 5;1129;024033830531;3;0;0;1;1;0;0;0;0;1;0;0;1;0
2003 38 5;1130;024033820879;3;1;0;1;0;0;0;0;0;0;0;1;0;0
2003 38 5;1131;024033730133;13;1;0;1;0;0;0;0;0;0;0;0;0;0
2003 38 5;1132;024033820198;13;0;0;0;0;1;0;0;0;0;0;0;0;0
2003 38 5;1133;024033820875;5;1;0;1;0;0;0;0;0;0;0;0;0;0
2003 38 5;1134;024033830573;5;1;0;1;0;0;0;0;0;0;0;0;0;0
2003 38 5;1135;024033820196;5;1;0;0;0;0;0;0;0;1;0;0;1;0
2003 38 5;1136;024033820809;5;0;0;1;1;0;0;0;0;0;0;1;0;0
2003 38 5;1137;024033740373;5;1;0;1;0;0;0;0;0;0;0;0;0;0
2003 38 5;1138;024033820747;1;0;0;0;0;1;0;0;0;0;0;0;0;0
2003 38 5;1139;024033840712;1;1;0;1;0;0;0;0;0;0;0;0;0;0
2003 38 5;1140;024033820962;1;1;0;1;0;0;0;0;0;0;0;0;0;0
2003 38 5;1141;024033820565;1;0;0;0;0;1;0;1;0;0;0;0;0;0
2003 38 5;1142;024033840263;1;1;0;1;0;0;0;0;0;0;0;0;0;0
2003 38 5;1143;024033750324;1;0;0;0;1;0;0;0;0;0;0;0;0;0
2003 38 5;1144;024033840762;1;1;0;1;0;0;0;0;0;0;0;0;0;0
2003 38 5;1145;024033820923;1;1;0;1;0;0;0;0;0;0;0;0;0;0
2003 38 5;1146;024033740197;1;0;0;0;0;1;0;1;0;0;0;0;0;0
2003 38 5;1147;024033820586;2;1;0;1;0;0;0;0;0;1;0;0;1;0
2003 38 5;1148;024033820195;2;1;0;1;0;0;0;0;0;0;0;0;0;0
2003 38 5;1149;024033750491;2;0;0;0;1;0;0;1;0;0;0;1;0;1
2003 38 5;1150;024033830543;2;1;0;1;0;0;0;0;0;0;1;0;0;0
2003 38 5;1151;024033821016;12;0;0;1;0;1;0;0;0;0;0;0;0;0
2003 38 5;1152;024033740289;11;1;0;0;0;0;0;0;0;1;0;0;1;0
2003 38 5;1153;024033830105;11;0;1;1;0;0;0;0;0;0;0;0;0;0
2003 38 5;1154;024033820350;3;1;0;1;0;0;0;0;0;0;0;0;0;0
2003 38 5;1155;024033750368;3;0;0;0;0;1;0;0;0;0;0;0;0;0
2003 38 5;1156;024033830530;3;1;0;1;0;0;0;0;0;1;0;0;1;0
2003 38 5;1157;024033820941;3;0;0;1;1;0;0;0;0;0;0;1;0;0
2003 38 5;1158;024033820529;1;1;0;0;0;0;0;0;0;0;0;0;0;0
2003 38 5;1159;024033820122;1;1;0;1;0;0;0;0;0;0;0;0;0;0
2003 38 5;1160;024033750556;1;0;0;1;0;1;0;0;0;0;0;0;0;0
2003 38 5;1161;024033820953;1;1;0;0;0;0;1;0;0;0;0;0;0;0
2003 38 5;1162;024033840732;2;1;0;1;0;0;0;0;0;0;0;0;0;0
2003 38 5;1163;024033750405;2;0;0;0;1;0;0;0;0;1;0;1;1;0
2003 38 5;1164;024033821144;2;1;0;1;0;0;0;0;0;0;0;0;0;0
2003 38 5;1165;024033840140;1;1;0;1;0;0;0;0;0;0;0;0;0;0
2003 38 5;1166;024033750387;1;0;0;0;0;1;0;0;0;0;0;0;0;0
2003 38 5;1167;024033830460;1;1;0;1;0;0;0;0;0;0;0;0;0;0
2003 38 5;1168;024033830591;1;1;0;0;0;0;0;0;0;0;0;0;0;0
2003 38 5;1169;024033820220;12;0;0;1;1;0;0;0;0;0;0;1;0;0
2003 38 5;1170;024033840168;12;0;0;1;0;1;0;0;0;0;0;0;0;0
2003 38 5;1171;024033820408;12;1;0;0;0;0;0;0;0;0;1;0;0;0
2003 38 5;1172;024033830807;12;1;0;1;0;0;0;0;0;0;0;0;0;0
2003 38 5;1173;024033820959;11;0;1;1;0;0;0;0;0;0;0;0;0;0
2003 38 5;1174;024033821198;1;1;0;0;0;0;0;0;0;1;0;0;1;0
2003 38 5;1175;024033750383;1;0;0;1;0;1;0;0;0;0;0;0;0;0
2003 38 5;1176;024033820815;1;1;0;1;0;0;0;0;0;0;0;0;0;0
2003 38 5;1177;024033840754;1;1;0;0;0;0;0;0;0;0;0;1;0;0
2003 38 5;1178;024033750424;1;0;0;1;1;0;0;0;0;1;0;0;1;0
2003 38 5;1179;024033820759;1;1;0;0;0;0;0;0;0;0;0;0;0;0
2003 38 5;1180;024033820863;1;1;0;1;0;0;0;1;0;0;0;0;0;0
2003 38 5;1181;024033820351;1;1;0;1;0;0;0;0;0;0;0;0;0;0
2003 38 5;1182;024033740286;1;0;0;0;0;1;0;0;0;0;0;0;0;0
2003 38 5;1183;024033820664;5;1;0;1;0;0;0;0;0;0;0;0;0;0
2003 38 5;1184;024033830835;5;1;0;1;0;0;0;0;0;0;0;0;0;0
2003 38 5;1185;024033750381;5;0;0;0;0;1;0;1;0;0;0;0;0;0
2003 38 5;1186;024033840064;5;1;0;1;0;0;0;0;0;0;0;0;0;0
2003 38 5;1187;024033820992;5;0;0;1;1;0;0;0;0;0;0;1;0;0
2003 38 5;1188;024033750583;1;1;0;0;0;0;0;0;0;0;0;0;0;0
2003 38 5;1189;024033830552;1;1;0;1;0;0;0;0;0;0;0;0;0;0
2003 38 5;1190;024033820515;1;0;0;0;0;1;0;1;0;0;0;0;0;0
2003 38 5;1191;024033750316;1;1;0;1;0;0;0;0;0;0;0;0;0;0
2003 38 5;1192;024033820820;11;0;1;1;0;0;0;0;0;0;0;0;0;0
2003 38 5;1193;024033820239;11;1;0;0;0;0;0;0;0;1;0;0;1;0
2003 38 5;1194;024033830584;6;1;0;1;0;0;0;0;0;0;0;0;0;0
2003 38 5;1195;024033750281;6;0;0;1;0;1;0;0;0;0;0;0;0;0
2003 38 5;1196;024033820853;8;1;0;0;0;0;0;0;0;0;0;0;0;0
2003 38 5;1197;024033730774;8;0;0;1;1;0;0;0;1;1;0;1;1;0
2003 38 5;1198;024033830577;8;1;0;0;0;0;0;0;0;0;1;0;0;0
2003 38 5;1199;024033750567;8;1;0;1;0;0;0;0;0;0;0;0;0;0
2003 38 5;1200;024033740143;1;0;0;1;0;1;0;0;0;0;0;0;0;0
2003 38 5;1201;024033840100;1;1;0;0;0;0;0;0;0;0;0;0;0;0
2003 38 5;1202;024033821014;1;1;0;1;0;0;0;0;0;0;0;0;0;0
2003 38 5;1203;024033750249;11;0;0;0;1;0;0;0;0;0;0;0;0;0
2003 38 5;1204;024033830579;6;1;0;1;0;0;0;0;0;0;0;0;0;0
2003 38 5;1205;024033820164;6;0;0;1;0;1;0;1;0;0;0;0;0;1
2003 38 5;1206;024033820347;6;1;0;1;0;0;0;0;0;0;0;0;0;0
2003 38 5;1207;024033710318;1;1;0;0;0;0;0;0;0;0;0;0;0;0
2003 38 5;1208;024033820162;1;0;0;0;0;1;0;0;0;0;0;0;0;0
2003 38 5;1209;024033820961;3;1;0;1;0;0;0;0;0;0;0;0;0;0
2003 38 5;1210;024033750360;3;0;0;0;1;0;0;0;0;1;0;0;1;0
2003 38 5;1211;024033840756;3;1;0;1;0;0;0;0;1;0;1;1;0;0
2003 38 5;1212;024033820822;3;1;0;1;0;0;0;0;0;0;0;0;0;0
2003 38 5;1213;024033750244;3;0;0;0;0;1;0;0;0;0;0;0;0;0
2003 38 5;1214;024033840163;3;1;0;1;0;0;0;0;0;0;0;0;0;0
2003 38 5;1215;024033821210;3;1;0;1;0;0;0;0;0;0;0;0;0;0
2003 38 5;1216;024033821212;12;0;0;0;1;0;0;0;0;0;0;0;0;0
2003 38 5;1217;024033840715;12;1;0;1;0;0;0;0;0;0;0;0;0;0
2003 38 5;1218;024033750215;12;1;0;1;0;0;0;0;0;0;0;0;0;0
2003 38 5;1219;024033740087;1;0;0;0;0;1;0;1;0;0;0;0;0;0
2003 38 5;1220;024033840188;1;1;0;1;0;0;0;0;0;0;0;0;0;0
2003 38 5;1221;024033821039;1;1;0;1;0;0;0;0;0;1;0;0;1;0
2003 38 5;1222;024033750520;10;0;0;0;1;0;0;0;1;0;0;1;0;0
2003 38 5;1223;024033840759;10;1;0;1;0;0;0;0;0;0;0;0;0;0
2003 38 5;1224;024033820967;10;1;0;0;0;0;0;0;0;0;1;0;0;0
2003 38 5;1225;024033750493;10;0;0;1;0;1;0;0;0;0;0;0;0;0
2003 38 5;1226;024033820679;10;1;0;1;0;0;0;0;0;0;0;0;0;0
2003 38 5;1227;024033820054;10;1;0;0;0;0;0;0;0;0;0;0;0;0
2003 38 5;1228;024033750221;5;0;0;0;1;0;0;0;0;0;0;1;0;0
2003 38 5;1229;024033750963;5;1;0;1;0;0;0;0;0;1;0;0;1;0
2003 38 5;1230;024033820554;5;1;0;1;0;0;0;0;0;0;0;0;0;0
2003 38 5;1231;024033750343;5;0;0;1;0;1;0;0;0;0;0;0;0;0
2003 38 5;1232;024033840242;5;1;0;0;0;0;0;0;0;0;0;0;0;0
2003 38 5;1233;024033821270;5;0;1;1;0;0;0;0;0;0;0;0;0;0
2003 38 5;1234;024033750198;5;1;0;1;0;0;0;0;0;0;0;0;0;0
2003 38 5;1235;024033830648;5;0;0;1;1;0;0;0;0;1;0;1;1;0
2003 38 5;1236;024033821145;11;1;0;0;0;0;0;0;0;0;0;0;0;0
2003 38 5;1237;024033750465;11;1;0;1;0;0;0;0;0;0;0;0;0;0
2003 38 5;1238;024033740088;11;1;0;0;0;0;0;0;0;1;0;0;1;0
2003 38 5;1239;024033830581;11;0;0;1;0;1;0;0;0;0;0;0;0;0
2003 38 5;1240;024033820169;11;1;0;1;0;0;0;0;0;0;0;0;0;0
2003 38 5;1241;024033750585;8;1;0;0;0;0;0;0;0;0;1;0;0;0
2003 38 5;1242;024033810674;8;0;0;1;1;0;0;0;0;0;0;1;0;0
2003 38 5;1243;024033820163;8;1;0;1;0;0;0;0;0;0;0;0;0;0
2003 38 5;1244;024033750346;8;1;0;0;0;0;0;0;0;0;0;0;0;0
2003 38 5;1245;024033750252;5;0;0;1;0;1;0;0;0;0;0;0;0;0
2003 38 5;1246;024033820355;5;1;0;1;0;0;0;0;0;0;0;0;0;0
2003 38 5;1247;024033840065;8;1;0;0;0;0;0;1;0;0;1;0;0;0
2003 38 5;1248;024033740245;8;0;0;1;1;0;0;0;0;0;0;1;0;0
2003 38 5;1249;024033840810;8;1;0;1;0;0;0;0;0;0;0;0;0;0
2003 38 5;1250;024033820873;8;1;0;0;0;0;0;0;0;0;0;0;0;0
2003 38 5;1251;024033750268;11;0;1;1;0;0;0;0;0;0;0;0;0;0
2003 38 5;1252;024033840119;11;1;0;1;0;0;0;0;0;1;0;0;1;0
2003 38 5;1253;024033820348;7;0;0;0;0;1;0;1;0;0;0;0;0;0
2003 38 5;1254;024033750366;7;1;0;1;0;0;0;0;0;0;0;0;0;0
2003 38 5;1255;024033830575;2;0;0;1;1;0;0;0;0;1;0;0;1;0
2003 38 5;1256;024033820882;2;1;0;0;0;0;0;0;0;0;1;0;0;0
2003 38 5;1257;024033740449;2;1;0;1;0;0;0;0;0;0;0;1;0;0
2003 38 5;1258;024033820201;5;0;0;1;0;1;0;0;0;0;0;0;0;0
2003 38 5;1259;024033820988;2;1;0;0;0;0;0;0;0;0;0;0;0;0
2003 38 5;1260;024033750264;2;1;0;1;0;0;0;0;0;0;0;0;0;0
2003 38 5;1261;024033820346;2;0;0;1;1;0;0;0;0;1;0;0;1;0
2003 38 5;1262;024033821129;2;1;0;0;0;0;1;0;0;0;0;0;0;0
2003 38 5;1263;024033740514;3;0;0;1;0;1;0;0;0;0;0;0;0;0
2003 38 5;1264;024033820168;5;1;0;1;0;0;0;0;0;0;0;0;0;0
2003 38 5;1265;024033830551;5;1;0;0;0;0;0;0;0;0;0;0;0;0
2003 38 5;1266;024033750525;5;0;0;1;1;0;0;0;0;1;0;0;1;0
2003 38 5;1267;024033820145;1;1;0;1;0;0;0;0;0;0;0;0;0;0
2003 38 5;1268;024033840090;1;1;0;0;0;0;0;0;0;0;1;0;0;0
2003 38 5;1269;024033820012;1;0;0;1;0;1;0;0;0;0;0;0;0;0
2003 38 5;1270;024033840717;1;1;0;1;0;0;0;0;0;0;0;1;0;0
2003 38 5;1271;024033820377;1;0;0;0;1;0;0;0;0;0;0;0;0;0
2003 38 5;1272;024033821207;1;1;0;1;0;0;0;0;0;0;0;0;0;0
2003 38 5;1273;024033810446;1;1;0;1;0;0;0;0;0;0;0;0;0;0
2003 38 5;1274;024033750279;1;0;0;0;0;1;0;0;0;0;0;0;0;0
2003 38 5;1275;024033820819;2;1;0;1;0;0;0;0;0;0;1;0;0;0
2003 38 5;1276;024033840716;2;1;0;0;0;0;0;0;0;0;0;0;0;0
2003 38 5;1277;024033750034;3;0;0;1;1;0;0;1;0;0;0;1;0;1
2003 38 5;1278;024033820575;11;1;0;0;0;0;0;0;0;1;0;0;1;0
2003 38 5;1279;024033830304;11;1;0;1;0;0;0;0;0;0;0;0;0;0
2003 38 5;1280;024033740298;11;0;1;1;0;0;0;0;0;0;0;0;0;0
2003 38 5;1281;024033840742;7;1;0;0;0;0;0;0;0;0;0;0;0;0
2003 38 5;1282;024033820484;7;1;0;1;0;0;0;0;0;0;0;0;0;0
2003 38 5;1283;024033830116;7;0;0;1;0;1;0;0;0;0;0;0;0;0
2003 38 5;1284;024033820567;7;1;0;0;0;0;0;1;0;0;1;0;0;0
2003 38 5;1285;024033750334;7;1;0;1;0;0;0;0;0;0;0;0;0;0
2003 38 5;1286;024033830006;3;0;0;1;1;0;0;0;1;0;0;1;0;0
2003 38 5;1287;024033820860;3;1;0;0;0;0;0;0;0;0;0;0;0;0
2003 38 5;1288;024033720154;3;0;0;1;0;1;0;0;0;0;0;0;0;0
2003 38 5;1289;024033820708;3;1;0;1;0;0;0;0;0;0;0;0;0;0
2003 38 5;1290;024033820859;3;1;0;1;0;0;0;0;0;0;0;0;0;0
2003 38 5;1291;024033830528;3;1;0;0;0;0;0;0;0;0;0;0;0;0
2003 38 5;1292;024033740366;3;1;0;1;0;0;0;0;0;0;0;0;0;0
2003 38 5;1293;024033820933;3;0;0;1;0;1;0;0;0;0;0;0;0;0
2003 38 5;1294;024033840268;3;1;0;0;0;0;0;0;0;1;0;0;1;0
2003 38 5;1295;024033750565;3;0;0;1;1;0;0;0;0;0;0;1;0;0
2003 38 5;1296;024033820584;11;0;1;1;0;0;0;0;0;0;0;0;0;0
2003 38 5;1297;024033830642;11;1;0;0;0;0;0;0;0;1;0;0;1;0
2003 38 5;1298;024033740295;11;1;0;1;0;0;0;0;0;0;0;0;0;0
2003 38 5;1299;024033820868;10;0;0;1;0;1;0;0;0;0;0;0;0;0
2003 38 5;1300;024033830746;10;1;0;0;0;0;0;0;0;0;0;0;0;0
2003 38 5;1301;024033820661;10;1;0;1;0;0;0;0;0;0;0;0;0;0
2003 38 5;1302;024033830801;7;1;0;1;0;0;0;0;0;0;0;0;0;0
2003 38 5;1303;024033750325;7;0;0;0;0;1;0;1;0;0;0;0;0;0
2003 38 5;1304;024033840212;7;1;0;1;0;0;0;0;0;0;0;0;0;0
2003 38 5;1305;024033820152;7;1;0;1;0;0;0;0;0;0;0;0;0;0
2003 38 5;1306;024033820013;7;0;0;0;1;0;0;0;0;0;0;1;0;0
2003 38 5;1307;024033750961;12;1;0;1;0;0;0;0;0;0;0;0;0;0
2003 38 5;1308;024033820300;12;0;0;1;0;1;0;0;0;0;0;0;0;0
2003 38 5;1309;024033820709;12;1;0;0;0;0;0;0;0;0;0;0;0;0
2003 38 5;1310;024033750258;6;1;0;1;0;0;0;1;0;0;0;0;0;0
2003 38 5;1311;024033820825;6;0;1;1;0;0;0;0;0;0;0;0;0;0
2003 38 5;1312;024033830571;6;1;0;1;0;0;0;0;0;0;0;0;0;0
2003 38 5;1313;024033820020;7;0;0;0;0;1;0;0;0;0;0;0;0;0
2003 38 5;1314;024033820665;6;1;0;1;0;0;0;0;0;0;0;0;0;0
2003 38 5;1315;024033740078;6;1;0;1;0;0;0;0;0;0;0;0;0;0