1;048033911021
2;048033910304
3;048033860152
4;048033830070
5;048033740695
6;048033860107
7;048033910102
8;048033810379
9;048033910216
10;048033730674
11;048033910235
12;048033810503
13;048033910101
14;048033910904
15;048033860014
16;048033830106
17;048033860160
18;048033910151
19;048033860155
20;048033830058
21;048033911014
22;048033910150
23;048033910001
24;048033911053
25;048033840003
26;048033810215
27;048033730575
28;048033910103
29;048033820370
30;048033910615
31;048033911069
32;048033910588
33;048033911079
34;048033840012
35;048033710729
36;048033740641
37;048033910286
38;048033860130
39;048033840030
40;048033860085
41;048033910900
42;048033910217
43;048033820672
44;048033910595
45;048033911057
46;048033911077
47;048033830344
48;048033910265
49;048033860110
50;048033910296
51;048033860150
52;048033830089
53;048033860108
54;048033520929
55;048033860126
56;048033810890
57;048033860076
58;048033910432
59;048033860125
60;048033910142
61;048033820064
62;048033860128
63;048033910129
64;048033860092
65;048033830540
66;048033830074
67;048033860131
68;048033910104
69;048033710658
70;048033910248
71;048033860106
72;048033910218
73;048033750482
74;048033910270
75;048033820411
76;048033910598
77;048033860052
78;048033910193
79;048033840382
80;048033860156
81;048033910230
82;048033860117
83;048033910003
84;048033910112
85;048033860154
86;048033910149
87;048033860147
88;048033910232
89;048033820539
90;048033910140
91;048033911052
92;048033911031
93;048033840137
94;048033850048
95;048033860079
96;048033910519
97;048033860096
98;048033840034
99;048033860078
100;048033910114
101;048033860091
102;048033830373
103;048033911060
104;048033860116
105;048033910122
106;048033860112
107;048033840032
108;048033860077
109;048033910431
110;048033860040
111;048033830075
112;048033860054
113;048033910117
114;048033910108
115;048033840421
116;048033860093
117;048033910160
118;048033860037
119;048033830061
120;048033860060
121;048033910242
122;048033860036
123;048033840010
124;048033860041
125;048033910292
126;048033910183
127;048033860080
128;048033840031
129;048033860089
130;048033910274
131;048033860115
132;048033820101
133;048033860109
134;048033910163
135;048033911064
136;048033910085
137;048033810371
138;048033910194
139;048033860039
140;048033910080
141;048033840118
142;048033911063
143;048033910116
144;048033910516
145;048033850197
146;048033911043
147;048033911037
148;048033910617
149;048033810426
150;048033910300
151;048033910271
152;048033911012
153;048033840004
154;048033860143
155;048033910501
156;048033911058
157;048033850051
158;048033910992
159;048033820485
160;048033910357
161;048033910145
162;048033860135
163;048033820107
164;048033860158
165;048033910184
166;048033860082
167;048033830020
168;048033860163
169;048033910144
170;048033860015
171;048033910065
172;048033810252
173;048033910121
174;048033860038
175;048033910261
176;048033840406
177;048033910115
178;048033860142
179;048033910941
180;048033860046
181;048033910637
182;048033810568
183;048033910229
184;048033911035
185;048033910908
186;048033820537
187;048033910273
188;048033911048
189;048033910206
190;048033840412
191;048033910172
192;048033910237
193;048033860084
194;048033840038
195;048033860088
196;048033910266
197;048033911019
198;048033910421
199;048033040125
200;048033910954
201;048033910487
202;048033910260
203;048033840423
204;048033910154
205;048033910169
206;048033911023
207;048033840005
208;048033911029
209;048033911061
210;048033910178
211;048033860141
212;048033910293
213;048033910214
214;048033820538
215;048033910297
216;048033860149
217;048033910174
218;048033860161
219;048033840040
220;048033911030
221;048033910535
222;048033910212
223;048033840362
224;048033910013
225;048033910884
226;048033860043
227;048033910509
228;048033720055
229;048033860090
230;048033910647
231;048033860113
232;048033840046
233;048033910118
234;048033910554
235;048033910648
236;048033860159
237;048033830076
238;048033910912
239;048033910255
240;048033860139
241;048033820104
242;048033860081
243;048033910253
244;048033910120
245;048033910955
246;048033920082
247;048033860124
248;048033910640
249;048033860132
250;048033910017
251;048033810420
252;048033910267
253;048033911010
254;048033910948
255;048033840011
256;048033850180
257;048033910277
258;048033910916
259;048033810393
260;048033911006
261;048033910083
262;048033911051
263;048033910173
264;048033710622
265;048033910335
266;048033911049
267;048033910068
268;048033830350
269;048033910015
270;048033860013
271;048033910649
272;048033820077
273;048033911011
274;048033910231
275;048033860086
276;048033820063
277;048033860062
278;048033910306
279;048033910999
280;048033810081
281;048034230083
282;048033910204
283;048033860057
284;048033910082
285;048033810422
286;048033910124
287;048033911027
288;048033730636
289;048033910139
290;048033810376
291;048033910188
292;048033911033
293;048033910128
294;048033860059
295;048033850147
296;048033911055
297;048033910170
298;048033860120
299;048033920023
300;048033910957
301;048033910951
302;048033910597
303;048033860094
304;048033810069
305;048033860087
306;048033910239
307;048033911018
308;048033910089
309;048033910544
310;048033920003
311;048033910303
312;048033910064
313;048033910966
314;048033910380
315;048033910475
316;048033810070
317;048033911017
318;048033910252
319;048033911026
320;048033840018
321;048033910113
322;048033810621
323;048033910287
324;048033830349
325;048033910356
326;048033910566
327;048033910187
328;048033840027
329;048033911015
330;048033910886
331;048033911044
332;048033830112
333;048033910503
334;048033910207
335;048033910962
336;048033840007
337;048033911041
338;048033910609
339;048033910636
340;048033910984
341;048033840041
342;048033910381
343;048033910179
344;048033910483
345;048033910056
346;048033840229
347;048033910474
348;048033910171
349;048033911040
350;048033840028
351;048033910608
352;048033830281
353;048033910995
354;048033820070
355;048033910395
356;048033910899
357;048033860103
358;048033830382
359;048033910378
360;048033810423
361;048033910582
362;048033830114
363;048033910497
364;048033910111
365;048033910971
366;048033910019
367;048033830494
368;048033910983
369;048033910240
370;048033910553
371;048033830108
372;048033910956
373;048033910920
374;048033910998
375;048033820100
376;048033910389
377;048033910190
378;048033910315
379;048033750514
380;048033910199
381;048033840410
382;048033910236
383;048033860145
384;048033910375
385;048033820759
386;048033910165
387;048033911039
388;048033910047
389;048033820673
390;048033910157
391;048033860162
392;048033911028
393;048033910251
394;048033910996
395;048033430177
396;048033910605
397;048033740265
398;048033910361
399;048033910627
400;048033820026
401;048033911042
402;048033910227
403;048033910921
404;048033910088
405;048033710676
406;048033910313
407;048033911059
408;048033910901
409;048033830080
410;048033910377
411;048033910153
412;048033860119
413;048033910919
414;048033820536
415;048032930409
416;048033910249
417;048033920733
418;048033820018
419;048033860001
420;048033910628
421;048033910980
422;048033910038
423;048033830352
424;048033910429
425;048033910156
426;048033860063
427;048033730455
428;048033910198
429;048033910940
430;048033910091
431;048033830691
432;048033910202
433;048033911071
434;048033910934
435;048033910046
436;048033910294
437;048033910268
438;048033910994
439;048033830056
440;048033910965
441;048032960052
442;048033910937
443;048033810428
444;048033910864
445;048033910943
446;048033910258
447;048033860127
448;048033850189
449;048033910953
450;048033850190
451;048033910893
452;048033850005
453;048033910973
454;048033910310
455;048033910155
456;048033910152
457;048033911036
458;048033910209
459;048033830649
460;048033910125
461;048033910133
462;048033910985
463;048033840045
464;048033910938
465;048033910110
466;048033910484
467;048033910182
468;048033920401
469;048033840006
470;048033910099
471;048033910305
472;048033830347
473;048033910584
474;048033911034
475;048033910167
476;048033830337
477;048033910200
478;048033860095
479;048033910430
480;048033910465
481;048033910982
482;048033860002
483;048033911016
484;048033910548
485;048033911032
486;048033830090
487;048033910960
488;048033910263
489;048033911045
490;048033710702
491;048033910278
492;048033910947
493;048033910197
494;048033810362
495;048033910394
496;048033910993
497;048033910175
498;048033910048
499;048033910106
500;048033910534
501;048033850003
502;048033910541
503;048033910328
504;048033910997
505;048033520314
506;048033910262
507;048033830184
508;048033910259
509;048033911001
510;048033730549
511;048033910935
512;048033830185
513;048033910018
514;048033910607
515;048033910219
516;048033860055
517;048033910043
518;048033910100
519;048033910913
520;048033910638
521;048033911002
522;048033850007
523;048033910470
524;048033910256
525;048033910502
526;048033820074
527;048033850219
528;048033910376
529;048033910097
530;048033810073
531;048033910247
532;048033910119
533;048033810003
534;048033910060
535;048033840384
536;048033920072
537;048033910944
538;048033910482
539;048033840008
540;048033910523
541;048033910246
542;048033910105
543;048033910586
544;048033830054
545;048033910098
546;048033910161
547;048033910963
548;048033910917
549;048033910569
550;048033840053
551;048033910911
552;048033910238
553;048033910522
554;048033820062
555;048033911000
556;048033911013
557;048033910594
558;048033910213
559;048033860017
560;048033910964
561;048033910269
562;048033910126
563;048033820051
564;048033910066
565;048033910571
566;048033910208
567;048033910556
568;048033860114
569;048033820102
570;048033860056
571;048033910215
572;048033910316
573;048033850006
574;048033910952
575;048033810052
576;048033911008
577;048033830078
578;048033910109
579;048033911062
580;048033910513
581;048033710675
582;048033910164
583;048033860123
584;048033730127
585;048033820193
586;048033740153
587;048033910234
588;048033910057
589;048033840465
590;048033910148
591;048033910096
592;048033910037
593;048033810375
594;048033910244
595;048033911024
596;048033830088
597;048033910967
598;048033910250
599;048033910915
600;048033820357
