1;064033820126
2;064033820117
3;064033810074
4;064033820235
5;064033820239
6;064033820137
7;064033820264
8;064033810216
9;064033810401
10;064033810096
11;064033810210
12;064033810178
13;064033810188
14;064033810228
15;064033820215
16;064033910233
17;064033810391
18;064033820092
19;064033820170
20;064033820308
21;064033820086
22;064033810219
23;064033810414
24;064033810059
25;064033820202
26;064033820166
27;064033820077
28;064033820120
29;064033811377
30;064033820198
31;064033820090
32;064033820052
33;064033820386
34;064033810387
35;064033810368
36;064033810404
37;064033810058
38;064033810313
39;064033810066
40;064033810321
41;064033820123
42;064033810076
43;064033820119
44;064033820263
45;064033820433
46;064033810236
47;064033810037
48;064033810248
49;064033810117
50;064033810275
51;064033810264
52;064033810085
53;064033810361
54;064033810094
55;064033820168
56;064033820195
57;064033820038
58;064033810329
59;064033910308
60;064033820382
61;064033820220
62;064033820203
63;064033810360
64;064033820075
65;064033820151
66;064033820354
67;064033820417
68;064033910086
69;064033810371
70;064033820231
71;064033820420
72;064033820302
73;064033820383
74;064033820074
75;064033820350
76;064033820057
77;064033820384
78;064033810195
79;064033820248
80;064033950554
81;064033820346
82;064033820169
83;064033820073
84;064033811390
85;064033910058
86;064033820240
87;064033820108
88;064033820145
89;064033820358
90;064033820110
91;064033820178
92;064033820285
93;064033820016
94;064033810022
95;064033810072
96;064033820347
97;064033820216
98;064033930417
99;064033950510
100;064033820212
101;064033820283
102;064033820102
103;064033820199
104;064033820056
105;064033820130
106;064033810286
107;064033820020
108;064033820062
109;064033820183
110;064033820380
111;064033820303
112;064033820069
113;064033820155
114;064033820043
115;064033820118
116;064033820360
117;064033820237
118;064033820262
119;064033820027
120;064033820141
121;064033820359
122;064033820299
123;064033820196
124;064033820312
125;064033820065
126;064033820236
127;064033820317
128;064033820259
129;064033820345
130;064033820322
131;064033820332
132;064033820316
133;064033820301
134;064033820113
135;064033820365
136;064033820238
137;064033820148
138;064033820419
139;064033820261
140;064033820083
141;064033820284
142;064033820018
143;064033820191
144;064033820252
145;064033820164
146;064033820364
147;064033820152
148;064033820040
149;064033820224
150;064033820227
151;064033820177
152;064033820431
153;064033820013
154;064033820395
155;064033820432
156;064033820072
157;064033820241
158;064033820111
159;064033820103
160;064033820334
161;064033820286
162;064033820377
163;064033820375
164;064033820061
165;064033820376
166;064033820368
167;064033820194
168;064033820371
169;064033820406
170;064033820260
171;064033820397
172;064033820165
173;064033820421
174;064033820331
175;064033830409
176;064033820064
177;064033820157
178;064033820225
179;064033820125
180;064033820228
181;064033820327
182;064033820253
183;064033820021
184;064033820209
185;064033820211
186;064033820297
187;064033820388
188;064033820306
189;064033820129
190;064033820144
191;064033820060
192;064033710317
193;064033820042
194;064033820022
195;064033820313
196;064033820053
197;064033820054
198;064033820921
199;064033820051
200;064033820399
201;064033820428
202;064033820243
203;064033820405
204;064033820293
205;064033820160
206;064033820171
207;064033820390
208;064033820272
209;064033820142
210;064033820841
211;064033820055
212;064033820330
213;064033820025
214;064033820068
215;064033820063
216;064033820242
217;064033820180
218;064033820233
219;064033820200
220;064033820392
221;064033820268
222;064033820226
223;064033820128
224;064033830548
225;064033820400
226;064033820361
227;064033830541
228;064033820391
229;064033820172
230;064033820276
231;064033820336
232;064033820175
233;064033820858
234;064033820394
235;064033820343
236;064033820050
237;064033820367
238;064033820023
239;064033820281
240;064033820282
241;064033820423
242;064033820324
243;064033820378
244;064033820076
245;064033820138
246;064033820186
247;064033820189
248;064033820356
249;064033820385
250;064033820335
251;064033820280
252;064033820156
253;064033820036
254;064033820221
255;064033820338
256;064033820091
257;064033820396
258;064033820342
259;064033820205
260;064033820304
261;064033820071
262;064033820271
263;064033820349
264;064033820176
265;064033820095
266;064033820066
267;064033820300
268;064033820081
269;064033820044
270;064033820098
271;064033820192
272;064033820430
273;064033820121
274;064033820087
275;064033820418
276;064033820096
277;064033820404
278;064033820366
279;064033820026
280;064033820015
281;064033820277
282;064033820204
283;064033820422
284;064033820266
285;064033820080
286;064033820295
287;064033820188
288;064033820250
289;064033820146
290;064033820005
291;064033820341
292;064033820084
293;064033820323
294;064033820398
295;064033820424
296;064033820344
297;064033820173
298;064033820370
299;064033820093
300;064033710315
301;064033820149
302;064033820017
303;064033820427
304;064033820107
305;064033820031
306;064033820265
307;064033820234
308;064033820048
309;064033820292
310;064033820309
311;064033820402
312;064033820182
313;064033820085
314;064033820104
315;064033820109
316;064033820426
317;064033820339
318;064033820143
319;064033820244
320;064033820219
321;064033820153
322;064033830584
323;064033820019
324;064033830542
325;064033820247
326;064033830280
327;064033820190
328;064033820024
329;064033820132
330;064033820270
331;064033820214
332;064033820201
333;064033820315
334;064033820326
335;064033820154
336;064033820381
337;064033820070
338;064033820046
339;064033820298
340;064033820351
341;064033820287
342;064033820181
343;064033820089
344;064033820325
345;064033820318
346;064033820249
347;064033820274
348;064033820369
349;064033820348
350;064033820101
351;064033820393
352;064033820174
353;064033820329
354;064033820307
355;064033820363
356;064033820218
357;064033820314
358;064033820122
359;064033820296
360;064033820320
361;064033820059
362;064033820273
363;064033820319
364;064033820049
365;064033830132
366;064033820372
367;064033820340
368;064033820425
369;064033820246
370;064033820094
371;064033820158
372;064033820251
373;064033820257
374;064033820357
375;064033820034
376;064033820254
377;064033820210
378;064033820232
379;064033820256
380;064033820150
381;064033820429
382;064033820206
383;064033820116
384;064033820294
385;064033820127
386;064033820124
387;064033820162
388;064033820029
389;064033820167
390;064033820184
391;064033820311
392;064033820014
393;064033830457
394;064033830332
395;064033820032
396;064033820193
397;064033820097
398;064033830573
399;064033820163
400;064033820197
401;064033820310
402;064033820147
403;064033820222
404;064033820278
405;064033820161
406;064033820374
407;064033820379
408;064033820373
409;064033820223
410;064033820105
411;064033820291
412;064033820135
413;064033820269
414;064033820058
415;064033830602
416;064033820401
417;064033830543
418;064033820047
419;064033820039
420;064033820028
421;064033820333
422;064033820275
423;064033820088
424;064033820208
425;064033820255
426;064033820159
427;064033710316
428;064033820004
429;064033830110
430;064033820279
431;064033820245
432;064033830624
433;064033830612
434;064033820321
