Date;SeqRank;Ident;Paint Color;HPRC1;HPRC2;HPRC3;HPRC4;HPRC5;LPRC1;LPRC2;LPRC3;LPRC4;LPRC5;LPRC6;LPRC7;LPRC8
2003 38 2;1247;024033750145;1;1;0;1;0;0;0;0;0;0;1;0;0;0
2003 38 2;1248;024033531425;1;1;0;1;0;0;0;0;0;1;0;0;1;0
2003 38 2;1249;024033750012;2;0;0;0;1;0;0;0;0;0;0;1;0;0
2003 38 2;1250;024033740447;2;1;0;1;0;0;0;0;0;0;0;0;0;0
2003 38 2;1251;024033810259;2;1;0;0;0;0;0;0;0;0;0;0;1;0
2003 38 2;1252;024033720177;2;0;0;0;0;1;0;0;0;0;0;0;0;0
2003 38 2;1253;024033730241;2;1;0;1;0;0;0;0;0;0;1;0;0;0
2003 38 2;1254;024033750229;3;1;0;0;0;0;1;0;0;0;0;0;0;0
2003 38 2;1255;024033740538;3;0;0;1;1;0;0;0;0;1;0;0;0;0
2003 38 2;1256;024033750438;3;1;0;0;0;0;0;0;0;0;0;0;0;0
2003 38 2;1257;024033650501;3;1;0;1;0;0;0;1;0;1;0;1;0;1
2003 38 2;1258;024032011057;3;0;0;0;0;1;0;0;0;0;0;0;0;0
2003 38 2;1259;024033740618;4;1;0;1;0;0;0;0;0;0;0;0;0;0
2003 38 2;1260;024033710526;4;1;0;1;0;0;0;0;0;1;0;0;0;0
2003 38 3;1;024033810148;5;0;0;1;1;0;0;0;0;0;0;0;0;0
2003 38 3;2;024033720213;5;1;0;1;0;0;0;0;0;1;0;0;0;0
2003 38 3;3;024033811210;6;0;0;0;0;1;0;0;0;0;0;0;0;0
2003 38 3;4;024033740158;6;1;0;1;0;0;0;0;0;0;1;1;0;0
2003 38 3;5;024033750651;7;0;1;1;0;0;0;0;0;0;0;0;0;0
2003 38 3;6;024033810167;7;1;0;0;0;0;1;0;0;0;0;0;1;0
2003 38 3;7;024033710332;8;1;0;1;0;0;0;0;0;1;0;0;0;0
2003 38 3;8;024033531401;8;0;0;1;0;1;0;0;0;0;0;0;0;0
2003 38 3;9;024033750538;3;1;0;0;0;0;0;0;0;0;0;0;0;0
2003 38 3;10;024033710330;3;1;0;1;0;0;0;0;0;1;0;0;0;0
2003 38 3;11;024033730164;3;1;0;1;0;0;0;0;0;0;1;1;0;0
2003 38 3;12;024033811364;9;0;0;0;0;1;0;1;0;0;0;0;0;0
2003 38 3;13;024033710145;9;1;0;1;0;0;0;0;0;1;0;0;0;0
2003 38 3;14;024033810548;6;0;0;1;1;0;0;0;0;0;0;0;0;0
2003 38 3;15;024033810728;6;1;0;0;0;0;0;0;0;0;1;0;0;0
2003 38 3;16;024033710281;6;1;0;1;0;0;0;0;0;1;0;0;0;0
2003 38 3;17;024033810572;7;0;0;1;0;1;0;0;0;0;0;0;1;0
2003 38 3;18;024033811123;4;1;0;0;0;0;0;0;0;0;0;0;0;0
2003 38 3;19;024033710345;3;1;0;1;0;0;0;0;0;1;0;0;0;0
2003 38 3;20;024033811374;3;0;0;0;1;0;0;0;0;0;0;0;1;0
2003 38 3;21;024033720488;2;1;0;1;0;0;0;1;0;0;1;1;0;1
2003 38 3;22;024033710290;2;1;0;1;0;0;0;0;0;1;0;0;0;0
2003 38 3;23;024033810656;2;0;0;0;0;1;0;0;0;0;0;0;0;0
2003 38 3;24;024033750893;10;1;0;1;0;0;0;0;0;0;0;0;0;0
2003 38 3;25;024033710301;10;1;0;1;0;0;0;0;0;1;0;0;0;0
2003 38 3;26;024033811373;10;0;0;0;1;0;0;0;0;0;0;0;1;0
2003 38 3;27;024033710355;10;1;0;1;0;0;0;0;0;0;1;0;0;0
2003 38 3;28;024033750649;7;0;1;1;0;0;0;0;0;0;0;0;0;0
2003 38 3;29;024033740599;8;1;0;0;0;0;1;0;0;0;0;0;0;0
2003 38 3;30;024033710114;8;1;0;1;0;0;0;0;0;1;0;0;0;0
2003 38 3;31;024033611083;8;0;0;1;0;1;0;0;0;0;0;0;0;0
2003 38 3;32;024033530145;8;1;0;0;0;0;0;0;1;0;0;1;1;0
2003 38 3;33;024033750173;8;1;0;1;0;0;0;0;0;0;1;0;0;0
2003 38 3;34;024033811307;8;0;0;1;0;1;0;0;0;0;0;0;0;0
2003 38 3;35;024033720676;3;1;0;0;0;0;0;0;0;0;0;0;0;0
2003 38 3;36;024033811377;3;0;0;1;1;0;0;0;0;0;0;0;0;0
2003 38 3;37;024033710269;3;1;0;1;0;0;0;0;0;1;0;0;0;0
2003 38 3;38;024033750457;3;1;0;1;0;0;0;0;0;0;0;0;0;0
2003 38 3;39;024033810843;3;0;0;0;0;1;0;0;0;0;0;0;0;0
2003 38 3;40;024033710163;3;1;0;1;0;0;0;0;0;1;0;0;0;0
2003 38 3;41;024033750466;5;1;0;1;0;0;0;0;0;0;0;0;0;0
2003 38 3;42;024033720041;6;0;0;0;1;0;1;1;1;0;0;1;0;1
2003 38 3;43;024033531413;6;1;0;1;0;0;0;0;0;1;0;0;1;0
2003 38 3;44;024033750108;6;1;0;1;0;0;0;0;0;0;1;0;0;0
2003 38 3;45;024033811413;3;0;0;0;0;1;0;0;0;0;0;0;0;0
2003 38 3;46;024033720347;5;1;0;1;0;0;0;0;0;1;0;0;0;0
2003 38 3;47;024033750642;7;0;1;1;0;0;0;0;0;0;0;0;0;0
2003 38 3;48;024033810056;4;1;0;0;0;0;0;0;0;0;0;0;1;0
2003 38 3;49;024033710511;4;1;0;1;0;0;0;0;0;1;0;0;0;0
2003 38 3;50;024033811431;8;0;0;0;0;1;0;0;0;0;0;0;0;0
2003 38 3;51;024033730198;8;1;0;1;0;0;0;0;0;0;1;1;0;0
2003 38 3;52;024033710115;8;1;0;1;0;0;0;0;0;1;0;0;0;0
2003 38 3;53;024033810903;8;0;0;0;1;0;0;0;0;0;0;0;0;0
2003 38 3;54;024033710174;8;1;0;1;0;0;0;0;0;1;0;0;0;0
2003 38 3;55;024033811241;8;0;0;1;0;1;0;0;0;0;0;0;0;0
2003 38 3;56;024033750621;11;1;0;0;0;0;0;0;0;0;0;0;0;0
2003 38 3;57;024033710221;11;1;0;1;0;0;0;0;0;1;0;0;0;0
2003 38 3;58;024033810934;11;0;0;1;1;0;0;0;0;0;0;0;0;0
2003 38 3;59;024033811254;11;1;0;0;0;0;1;0;0;0;0;0;0;0
2003 38 3;60;024033811311;11;0;0;1;0;1;0;0;0;0;0;0;0;0
2003 38 3;61;024033730222;6;1;0;1;0;0;0;0;0;0;1;1;0;0
2003 38 3;62;024033811142;6;1;0;0;0;0;0;1;0;0;0;0;0;1
2003 38 3;63;024033750646;7;0;1;1;0;0;0;0;0;0;0;0;0;0
2003 38 3;64;024033750732;10;1;0;0;0;0;0;0;0;0;0;0;0;0
2003 38 3;65;024033810545;1;0;0;1;0;1;0;0;0;0;0;0;0;0
2003 38 3;66;024033720014;1;1;0;1;0;0;0;0;0;1;0;0;0;0
2003 38 3;67;024033811358;2;0;0;0;1;0;0;0;0;0;0;0;0;0
2003 38 3;68;024033750877;8;1;0;1;0;0;0;0;0;0;0;0;0;0
2003 38 3;69;024033730196;8;1;0;1;0;0;0;0;0;0;1;1;0;0
2003 38 3;70;024033811365;8;0;0;0;0;1;0;1;0;0;0;0;0;0
2003 38 3;71;024033710133;8;1;0;1;0;0;0;0;0;1;0;0;0;0
2003 38 3;72;024033750839;8;1;0;1;0;0;0;0;0;0;0;0;0;0
2003 38 3;73;024033810111;8;0;0;0;1;0;0;0;0;0;0;0;0;0
2003 38 3;74;024033710224;8;1;0;1;0;0;0;0;0;1;0;0;0;0
2003 38 3;75;024033703735;8;1;0;0;0;0;0;0;0;0;0;0;1;0
2003 38 3;76;024033811301;8;0;0;0;0;1;0;0;0;0;0;0;0;0
2003 38 3;77;024033710147;8;1;0;1;0;0;0;0;0;1;0;0;0;0
2003 38 3;78;024033750661;7;0;1;1;0;0;0;0;0;0;0;0;0;0
2003 38 3;79;024033750733;6;1;0;0;0;0;0;0;0;0;0;0;0;0
2003 38 3;80;024033710862;8;1;0;1;0;0;0;1;0;0;1;1;0;1
2003 38 3;81;024033531448;8;1;0;1;0;0;0;0;0;1;0;0;1;0
2003 38 3;82;024033811185;8;0;0;0;0;1;0;0;0;0;0;0;0;0
2003 38 3;83;024033710272;8;1;0;1;0;0;0;0;0;1;0;0;0;0
2003 38 3;84;024033750487;8;1;0;0;0;0;0;0;0;0;0;0;0;0
2003 38 3;85;024033821254;8;0;0;1;1;0;0;0;0;0;0;0;1;0
2003 38 3;86;024033710222;8;1;0;1;0;0;0;0;0;1;0;0;0;0
2003 38 3;87;024033811155;12;1;0;0;0;0;0;0;0;0;0;0;0;0
2003 38 3;88;024033730257;12;1;0;1;0;0;0;0;0;0;1;1;0;0
2003 38 3;89;024033811326;12;0;0;0;0;1;0;1;0;0;0;0;0;0
2003 38 3;90;024033750560;11;1;0;1;0;0;0;0;0;0;0;0;0;0
2003 38 3;91;024033710195;11;1;0;1;0;0;0;0;0;1;0;0;0;0
2003 38 3;92;024033811333;2;0;0;0;1;0;0;0;0;0;0;0;1;0
2003 38 3;93;024033610275;7;1;0;1;0;0;0;0;0;0;0;0;0;0
2003 38 3;94;024033750044;7;1;0;1;0;0;0;0;0;0;0;0;0;0
2003 38 3;95;024033811181;8;0;0;0;0;1;0;0;0;0;0;0;0;0
2003 38 3;96;024033531426;1;1;0;1;0;0;0;0;0;1;0;0;1;0
2003 38 3;97;024033710871;1;1;0;1;0;0;0;1;0;0;1;1;0;1
2003 38 3;98;024033810104;1;0;0;0;1;0;0;0;0;0;0;0;0;0
2003 38 3;99;024033720242;1;1;0;1;0;0;0;0;0;1;0;0;0;0
2003 38 3;100;024033750648;7;0;1;1;0;0;0;0;0;0;0;0;0;0
2003 38 3;101;024033811188;7;0;0;0;0;1;0;0;0;0;0;0;0;0
2003 38 3;102;024033710261;8;1;0;1;0;0;0;0;0;1;0;0;0;0
2003 38 3;103;024033730161;10;1;0;1;0;0;0;0;0;0;1;1;0;0
2003 38 3;104;024033811344;10;0;0;0;1;0;0;0;0;0;0;0;0;0
2003 38 3;105;024033531438;10;1;0;1;0;0;0;0;0;1;0;0;1;0
2003 38 3;106;024033750885;10;1;0;1;0;0;0;0;0;0;0;0;0;0
2003 38 3;107;024033821311;6;0;0;0;0;1;0;1;0;0;0;0;0;0
2003 38 3;108;024033750419;6;1;0;1;0;0;0;0;0;0;0;0;0;0
2003 38 3;109;024033710220;6;1;0;1;0;0;0;0;0;1;0;0;0;0
2003 38 3;110;024033821298;6;0;0;0;1;0;1;0;0;0;0;0;1;0
2003 38 3;111;024033730221;6;1;0;1;0;0;0;0;0;0;1;1;0;0
2003 38 3;112;024033720007;10;1;0;1;0;0;0;0;0;1;0;0;0;0
2003 38 3;113;024033811343;10;1;0;0;0;0;0;0;0;0;0;0;0;0
2003 38 3;114;024033810589;7;0;0;1;0;1;0;0;0;0;0;0;1;0
2003 38 3;115;024033710509;4;1;0;1;0;0;0;0;0;1;0;0;0;0
2003 38 3;116;024033810335;4;1;0;0;0;0;0;0;0;0;0;0;0;0
2003 38 3;117;024033820095;4;0;0;0;1;0;0;0;0;0;0;0;1;0
2003 38 3;118;024033730250;11;1;0;1;0;0;0;0;0;0;1;1;0;0
2003 38 3;119;024033821292;11;0;0;1;0;1;0;0;0;0;0;0;0;0
2003 38 3;120;024033811265;11;1;0;0;0;0;0;0;0;0;0;0;0;0
2003 38 3;121;024033710256;11;1;0;1;0;0;0;0;0;1;0;0;0;0
2003 38 3;122;024033750640;11;0;1;1;0;0;0;0;0;0;0;0;0;0
2003 38 3;123;024033810045;11;1;0;0;0;0;0;0;0;0;0;0;1;0
2003 38 3;124;024033710172;1;1;0;1;0;0;0;0;0;1;0;0;0;0
2003 38 3;125;024033811316;1;0;0;0;0;1;0;0;0;0;0;0;0;0
2003 38 3;126;024033720452;2;1;0;1;0;0;0;1;0;0;1;1;0;1
2003 38 3;127;024033820521;2;0;0;0;1;0;1;0;0;0;0;0;0;0
2003 38 3;128;024033720684;11;1;0;1;0;0;0;0;0;1;0;0;0;0
2003 38 3;129;024033750404;11;1;0;1;0;0;0;0;0;0;0;0;0;0
2003 38 3;130;024033821327;6;0;0;0;0;1;0;0;0;0;0;0;0;0
2003 38 3;131;024033810729;6;1;0;0;0;0;0;0;0;0;1;0;0;0
2003 38 3;132;024033710134;6;1;0;1;0;0;0;0;0;1;0;0;0;0
2003 38 3;133;024033810151;6;0;0;1;1;0;0;0;0;0;0;0;0;0
2003 38 3;134;024033720828;6;1;0;0;0;0;0;0;0;0;0;1;0;0
2003 38 3;135;024033811314;6;0;0;1;0;1;0;0;0;0;0;0;0;0
2003 38 3;136;024033710273;6;1;0;1;0;0;0;0;0;1;0;0;0;0
2003 38 3;137;024033810724;6;1;0;0;0;0;0;0;0;0;1;0;0;0
2003 38 3;138;024033810244;3;0;1;1;0;0;0;0;0;0;0;0;0;0
2003 38 3;139;024033720209;3;1;0;1;0;0;0;0;0;1;0;0;0;0
2003 38 3;140;024033811209;3;1;0;0;0;0;0;0;0;0;0;0;0;0
2003 38 3;141;024033810564;7;0;0;1;0;1;0;0;0;0;0;0;1;0
2003 38 3;142;024033730159;10;1;0;1;0;0;0;0;0;0;1;1;0;0
2003 38 3;143;024033811170;10;0;0;0;1;0;0;0;0;0;0;0;0;0
2003 38 3;144;024033720223;10;1;0;1;0;0;0;0;0;1;0;0;0;0
2003 38 3;145;024033750026;13;1;0;0;0;0;1;0;0;0;0;0;1;0
2003 38 3;146;024033811367;13;0;0;0;0;1;0;1;0;0;0;0;0;0
2003 38 3;147;024033730381;13;1;0;1;0;0;0;0;0;0;0;0;0;0
2003 38 3;148;024033720738;13;1;0;1;0;0;0;0;0;1;0;0;0;0
2003 38 3;149;024033811387;13;0;0;0;1;0;0;0;0;0;0;0;1;0
2003 38 3;150;024033730163;10;1;0;1;0;0;0;0;0;0;1;1;0;0
2003 38 3;151;024033811212;10;1;0;0;0;0;0;0;0;0;0;0;0;0
2003 38 3;152;024033810667;9;0;0;1;0;1;0;0;0;0;0;0;0;0
2003 38 3;153;024033710270;9;1;0;1;0;0;0;0;0;1;0;0;0;0
2003 38 3;154;024033811273;4;1;0;0;0;0;0;0;0;0;0;0;0;0
2003 38 3;155;024033810105;7;0;0;1;1;0;0;0;0;0;0;0;0;0
2003 38 3;156;024033710263;2;1;0;1;0;0;0;0;0;1;0;0;0;0
2003 38 3;157;024033811420;2;0;0;0;0;1;0;0;0;0;0;0;0;0
2003 38 3;158;024033730166;8;1;0;1;0;0;0;0;0;0;1;1;0;0
2003 38 3;159;024033531428;1;1;0;1;0;0;0;0;0;1;0;0;1;0
2003 38 3;160;024033821334;1;0;0;0;0;1;0;0;0;0;0;0;0;0
2003 38 3;161;024033720193;1;1;0;1;0;0;0;0;0;1;0;0;0;0
2003 38 3;162;024033821262;6;0;0;1;1;0;0;0;0;0;0;0;1;0
2003 38 3;163;024033811163;6;1;0;0;0;0;0;0;0;0;0;0;0;0
2003 38 3;164;024033730233;6;1;0;1;0;0;0;0;0;0;1;1;0;0
2003 38 3;165;024033810600;7;0;0;1;0;1;0;0;0;0;0;0;1;0
2003 38 3;166;024033811144;4;1;0;0;0;0;0;1;0;0;0;0;0;0
2003 38 3;167;024033720442;4;1;0;1;0;0;0;0;0;1;0;0;0;0
2003 38 3;168;024033821271;10;0;0;1;1;0;0;0;0;0;0;0;1;0
2003 38 3;169;024033810892;11;1;0;0;0;0;0;1;0;0;0;0;0;1
2003 38 3;170;024033710143;11;1;0;1;0;0;0;0;0;1;0;0;0;0
2003 38 3;171;024033750656;7;0;1;1;0;0;0;0;0;0;0;0;0;0
2003 38 3;172;024033811129;6;1;0;0;0;0;0;0;0;0;0;0;0;0
2003 38 3;173;024033730232;6;1;0;1;0;0;0;0;0;0;1;1;0;0
2003 38 3;174;024033810623;7;0;0;1;0;1;0;0;0;0;0;0;1;0
2003 38 3;175;024033810229;7;1;0;0;0;0;1;0;0;0;0;0;0;0
2003 38 3;176;024033720367;2;1;0;1;0;0;0;0;0;1;0;0;0;0
2003 38 3;177;024033810220;2;0;0;1;1;0;0;0;0;0;0;0;0;0
2003 38 3;178;024033811269;2;1;0;0;0;0;0;0;0;0;0;0;0;0
2003 38 3;179;024033821324;2;0;0;0;0;1;0;0;0;0;0;0;0;0
2003 38 3;180;024033811271;6;1;0;0;0;0;0;0;0;0;0;0;0;0
2003 38 3;181;024033710622;6;1;0;1;0;0;0;0;0;1;0;0;0;0
2003 38 3;182;024033730205;6;1;0;1;0;0;0;0;0;0;1;1;0;0
2003 38 3;183;024033821341;6;0;0;0;0;1;0;0;0;0;0;0;0;0
2003 38 3;184;024033710331;9;1;0;1;0;0;0;0;0;1;0;0;0;0
2003 38 3;185;024033810103;9;0;0;1;1;0;0;0;0;0;0;0;0;0
2003 38 3;186;024033810038;9;1;0;0;0;0;0;0;0;0;0;0;1;0
2003 38 3;187;024033710230;9;1;0;1;0;0;0;0;0;1;0;0;0;0
2003 38 3;188;024033811356;9;0;0;1;0;1;0;0;0;0;0;0;0;0
2003 38 3;189;024033811294;9;1;0;0;0;0;0;0;0;0;0;0;0;0
2003 38 3;190;024033720401;1;1;0;1;0;0;0;1;0;0;1;1;0;1
2003 38 3;191;024033810126;1;0;0;1;1;0;0;0;0;0;0;0;0;0
2003 38 3;192;024033811182;9;0;0;0;0;1;0;0;0;0;0;0;0;0
2003 38 3;193;024033710113;9;1;0;1;0;0;0;0;0;1;0;0;0;0
2003 38 3;194;024033750616;11;1;0;1;0;0;0;0;0;0;0;0;0;0
2003 38 3;195;024033811436;11;0;0;0;0;1;0;0;0;0;0;0;0;0
2003 38 3;196;024033720252;11;1;0;1;0;0;0;0;0;1;0;0;0;0
2003 38 3;197;024033750293;7;1;0;1;0;0;0;0;0;0;0;0;0;0
2003 38 3;198;024033810425;10;0;0;0;1;0;0;0;0;0;0;0;0;0
2003 38 3;199;024033730162;10;1;0;1;0;0;0;0;0;0;1;1;0;0
2003 38 3;200;024033810617;7;0;0;1;0;1;0;0;0;0;0;0;1;0
2003 38 3;201;024033811146;5;1;0;0;0;0;0;1;0;0;0;0;0;0
2003 38 3;202;024033750010;5;0;1;1;0;0;0;0;0;0;0;0;0;0
2003 38 3;203;024033720214;5;1;0;1;0;0;0;0;0;1;0;0;0;0
2003 38 3;204;024033811061;11;1;0;0;0;0;0;0;0;0;0;0;0;0
2003 38 3;205;024033811305;11;0;0;1;0;1;0;0;0;0;0;0;0;0
2003 38 3;206;024033720296;11;1;0;1;0;0;0;0;0;1;0;0;0;0
2003 38 3;207;024033811329;11;0;0;0;1;0;0;0;0;0;0;0;1;0
2003 38 3;208;024033810760;11;1;0;0;0;0;0;0;0;0;1;0;0;0
2003 38 3;209;024033720250;11;1;0;1;0;0;0;0;0;1;0;0;0;0
2003 38 3;210;024033811414;3;0;0;0;0;1;0;0;0;0;0;0;0;0
2003 38 3;211;024033720329;3;1;0;1;0;0;0;0;0;0;0;1;0;0
2003 38 3;212;024033720011;3;1;0;1;0;0;0;0;0;1;0;0;0;0
2003 38 3;213;024033811359;6;0;0;0;1;0;0;0;0;0;0;0;0;0
2003 38 3;214;024033750136;6;1;0;1;0;0;0;0;0;0;1;0;0;0
2003 38 3;215;024033811302;6;0;0;1;0;1;0;0;0;0;0;0;0;0
2003 38 3;216;024033810042;6;1;0;0;0;0;0;0;0;0;0;0;1;0
2003 38 3;217;024033710024;6;1;0;1;0;0;0;0;0;1;0;0;0;0
2003 38 3;218;024033750650;7;0;1;1;0;0;0;0;0;0;0;0;0;0
2003 38 3;219;024033811221;2;1;0;0;0;0;0;0;0;0;0;0;0;0
2003 38 3;220;024033650452;2;1;0;1;0;0;0;1;0;1;0;1;0;1
2003 38 3;221;024033820491;2;0;0;1;1;0;0;0;0;0;0;0;0;0
2003 38 3;222;024033630449;2;1;0;0;0;0;0;0;0;0;0;0;1;0
2003 38 3;223;024033710149;6;1;0;1;0;0;0;0;0;1;0;0;0;0
2003 38 3;224;024033811308;6;0;0;1;0;1;0;0;0;0;0;0;0;0
2003 38 3;225;024033810716;6;1;0;0;0;0;0;0;0;0;1;0;0;0
2003 38 3;226;024033710131;6;1;0;1;0;0;0;0;0;1;0;0;0;0
2003 38 3;227;024033810557;6;0;0;1;1;0;0;0;0;0;0;0;0;0
2003 38 3;228;024033720709;6;1;0;0;0;0;0;1;0;0;0;1;0;0
2003 38 3;229;024033710218;6;1;0;1;0;0;0;0;0;1;0;0;0;0
2003 38 3;230;024033810621;7;0;0;1;0;1;0;0;0;0;0;0;1;0
2003 38 3;231;024033810708;6;1;0;0;0;0;0;0;0;0;1;0;0;0
2003 38 3;232;024033811292;6;1;0;0;0;0;0;0;0;0;0;0;0;0
2003 38 3;233;024033810537;6;0;0;1;1;0;0;0;0;0;0;0;0;0
2003 38 3;234;024033720260;12;1;0;1;0;0;0;0;0;1;0;0;0;0
2003 38 3;235;024033821316;12;0;0;0;0;1;0;0;0;0;0;0;0;0
2003 38 3;236;024033730255;12;1;0;1;0;0;0;0;0;0;1;1;0;0
2003 38 3;237;024033810127;5;0;1;1;0;0;0;0;0;0;0;0;0;0
2003 38 3;238;024033811069;11;1;0;0;0;0;0;0;0;0;0;0;0;0
2003 38 3;239;024033720204;11;1;0;1;0;0;0;0;0;1;0;0;0;0
2003 38 3;240;024033810025;2;0;0;0;1;0;0;1;0;0;0;0;0;0
2003 38 3;241;024033750724;8;1;0;1;0;0;0;0;0;0;0;0;0;0
2003 38 3;242;024033710328;8;1;0;1;0;0;0;0;0;1;0;0;0;0
2003 38 3;243;024033811362;8;0;0;0;0;1;0;1;0;0;0;0;0;0
2003 38 3;244;024033730167;8;1;0;1;0;0;0;0;0;0;1;1;0;0
2003 38 3;245;024033450385;7;1;0;0;0;0;0;0;0;0;0;0;1;0
2003 38 3;246;024033810143;7;0;0;1;1;0;0;0;0;0;0;0;0;0
2003 38 3;247;024033710294;8;1;0;1;0;0;0;0;0;1;0;0;0;0
2003 38 3;248;024033703736;8;1;0;0;0;0;0;0;0;0;0;0;1;0
2003 38 3;249;024033811180;8;0;0;0;0;1;0;0;0;0;0;0;0;0
2003 38 3;250;024033750172;8;1;0;1;0;0;0;0;0;0;1;0;0;0
2003 38 3;251;024033750409;8;1;0;0;0;0;0;0;0;0;0;0;0;0
2003 38 3;252;024033650195;8;1;0;1;0;0;0;0;0;1;0;1;0;0
2003 38 3;253;024033810496;8;0;0;1;1;0;0;0;0;0;0;0;0;0
2003 38 3;254;024033810338;8;0;0;0;0;1;0;0;0;0;0;0;0;0
2003 38 3;255;024033810128;5;0;1;1;0;0;0;0;0;0;0;0;0;0
2003 38 3;256;024033720467;5;1;0;1;0;0;0;0;0;1;0;0;0;0
2003 38 3;257;024033810738;6;1;0;0;0;0;0;0;0;0;1;0;0;0
2003 38 3;258;024033810568;7;0;0;1;0;1;0;0;0;0;0;0;1;0
2003 38 3;259;024033810230;7;1;0;0;0;0;1;0;0;0;0;0;0;0
2003 38 3;260;024033720320;11;1;0;1;0;0;0;0;0;1;0;0;0;0
2003 38 3;261;024033821222;11;0;0;1;1;0;0;0;0;0;0;0;0;0
2003 38 3;262;024033811278;11;1;0;0;0;0;0;0;0;0;0;0;0;0
2003 38 3;263;024033720489;11;1;0;1;0;0;0;1;0;0;1;1;0;1
2003 38 3;264;024033810618;7;0;0;1;0;1;0;0;0;0;0;0;1;0
2003 38 3;265;024033811225;7;1;0;0;0;0;0;0;0;0;0;0;0;0
2003 38 3;266;024033750043;7;1;0;1;0;0;0;0;0;0;0;0;0;0
2003 38 3;267;024033811345;2;0;0;0;1;0;0;0;0;0;0;0;0;0
2003 38 3;268;024033531498;9;1;0;1;0;0;0;0;0;1;0;0;1;0
2003 38 3;269;024033750614;9;1;0;1;0;0;0;0;0;0;0;0;0;0
2003 38 3;270;024033811415;9;0;0;0;0;1;0;0;0;0;0;0;0;0
2003 38 3;271;024033720016;9;1;0;1;0;0;0;0;0;1;0;0;0;0
2003 38 3;272;024033730218;6;1;0;1;0;0;0;0;0;0;1;1;0;0
2003 38 3;273;024033821313;6;0;0;0;1;0;0;0;0;0;0;0;1;0
2003 38 3;274;024033640452;1;1;0;1;0;0;0;0;0;1;0;0;0;0
2003 38 3;275;024033750529;5;1;0;1;0;0;0;0;0;0;0;0;0;0
2003 38 3;276;024033811406;3;0;0;0;0;1;0;0;0;0;0;0;0;0
2003 38 3;277;024033810124;5;0;1;1;0;0;0;0;0;0;0;0;0;0
2003 38 3;278;024033650260;6;1;0;1;0;0;0;1;0;1;0;1;0;1
2003 38 3;279;024024502368;6;0;0;0;1;0;1;0;0;0;0;0;1;0
2003 38 3;280;024033750170;6;1;0;1;0;0;0;0;0;0;1;0;0;0
2003 38 3;281;024033710168;9;1;0;1;0;0;0;0;0;1;0;0;0;0
2003 38 3;282;024033811419;9;0;0;0;0;1;0;0;0;0;0;0;0;0
2003 38 3;283;024033750482;8;1;0;1;0;0;0;0;0;0;0;0;0;0
2003 38 3;284;024033710329;8;1;0;1;0;0;0;0;0;1;0;0;0;0
2003 38 3;285;024033810353;8;0;0;0;0;1;0;0;0;0;0;0;0;0
2003 38 3;286;024033730193;8;1;0;1;0;0;0;0;0;0;1;1;0;0
2003 38 3;287;024033710135;8;1;0;1;0;0;0;0;0;1;0;0;0;0
2003 38 3;288;024033811378;8;0;0;0;1;0;0;0;0;0;0;0;1;0
2003 38 3;289;024033750496;8;1;0;1;0;0;0;0;0;0;0;0;0;0
2003 38 3;290;024033710356;8;1;0;1;0;0;0;0;0;1;0;0;0;0
2003 38 3;291;024033811328;8;0;0;0;0;1;0;1;0;0;0;0;0;0
2003 38 3;292;024033810692;8;1;0;0;0;0;1;0;0;0;0;0;0;0
2003 38 3;293;024033730238;1;1;0;1;0;0;0;0;0;0;1;1;0;0
2003 38 3;294;024033750989;1;0;1;1;0;0;0;0;0;0;0;0;0;0
2003 38 3;295;024033750181;1;1;0;0;0;0;0;0;0;0;0;0;0;0
2003 38 3;296;024033710138;1;1;0;1;0;0;0;1;0;1;0;0;0;1
2003 38 3;297;024033810613;7;0;0;1;0;1;0;0;0;0;0;0;1;0
2003 38 3;298;024033811251;9;1;0;0;0;0;0;0;0;0;0;0;0;0
2003 38 3;299;024033710199;9;1;0;1;0;0;0;0;0;1;0;0;0;0
2003 38 3;300;024033811172;6;0;0;0;1;0;0;0;0;0;0;0;0;0
2003 38 3;301;024033730219;6;1;0;1;0;0;0;0;0;0;1;1;0;0
2003 38 3;302;024033531447;8;1;0;1;0;0;0;0;0;1;0;0;1;0
2003 38 3;303;024033810349;8;0;0;0;0;1;0;0;0;0;0;0;0;0
2003 38 3;304;024033810020;8;1;0;0;0;0;0;0;0;0;0;0;0;0
2003 38 3;305;024033531492;8;1;0;1;0;0;0;0;0;1;0;0;1;0
2003 38 3;306;024033750337;6;0;0;0;1;0;0;0;1;0;0;0;0;0
2003 38 3;307;024033730213;6;1;0;1;0;0;0;0;0;0;1;1;0;0
2003 38 3;308;024033710212;9;1;0;1;0;0;0;0;0;1;0;0;0;0
2003 38 3;309;024033811405;9;0;0;0;0;1;0;0;0;0;0;0;0;0
2003 38 3;310;024033750662;7;0;1;1;0;0;0;0;0;0;0;0;0;0
2003 38 3;311;024033710152;10;1;0;1;0;0;0;0;0;1;0;0;0;0
2003 38 3;312;024033810750;10;1;0;0;0;0;0;0;0;0;1;0;0;0
2003 38 3;313;024033810534;8;0;0;1;1;0;0;0;0;0;0;0;0;0
2003 38 3;314;024033811125;8;1;0;0;0;0;0;0;0;0;0;0;0;0
2003 38 3;315;024033810675;8;0;0;1;0;1;0;0;0;0;0;0;0;0
2003 38 3;316;024033710227;8;1;0;1;0;0;0;0;0;1;0;0;0;0
2003 38 3;317;024033810962;6;1;0;0;0;0;0;1;0;0;0;0;0;1
2003 38 3;318;024033730231;6;1;0;1;0;0;0;0;0;0;1;1;0;0
2003 38 3;319;024033811410;3;0;0;0;0;1;0;0;0;0;0;0;0;0
2003 38 3;320;024033720010;3;1;0;1;0;0;0;0;0;1;0;0;0;0
2003 38 3;321;024033820389;2;0;0;1;1;0;0;0;0;0;0;0;0;0
2003 38 3;322;024033630448;2;1;0;0;0;0;0;0;0;0;0;0;1;0
2003 38 3;323;024033720414;2;1;0;1;0;0;0;0;0;1;0;0;0;0
2003 38 3;324;024033810690;2;0;0;1;0;1;0;0;0;0;0;0;0;0
2003 38 3;325;024033810697;4;1;0;0;0;0;1;0;0;0;0;0;0;0
2003 38 3;326;024033810059;4;1;0;0;0;0;0;0;0;0;0;0;1;0
2003 38 3;327;024033750645;7;0;1;1;0;0;0;0;0;0;0;0;0;0
2003 38 3;328;024033730230;6;1;0;1;0;0;0;0;0;0;1;1;0;0
2003 38 3;329;024033821344;2;0;0;0;0;1;0;0;0;0;0;0;0;0
2003 38 3;330;024033720391;2;1;0;1;0;0;0;0;0;1;0;0;0;0
2003 38 3;331;024033750023;2;1;0;1;0;0;0;0;0;0;0;0;1;0
2003 38 3;332;024033810325;8;0;0;0;0;1;0;0;0;0;0;0;0;0
2003 38 3;333;024033720241;8;1;0;1;0;0;0;0;0;1;0;0;0;0
2003 38 3;334;024033750612;8;1;0;1;0;0;0;0;0;0;0;0;0;0
2003 38 3;335;024033821301;8;0;0;0;1;0;0;0;0;0;0;0;1;0
2003 38 3;336;024033730177;8;1;0;1;0;0;0;0;0;0;1;1;0;0
2003 38 3;337;024033720238;8;1;0;1;0;0;0;0;0;1;0;0;0;0
2003 38 3;338;024033810327;8;0;0;0;0;1;0;0;0;0;0;0;0;0
2003 38 3;339;024033750842;10;1;0;1;0;0;0;0;0;0;0;0;0;0
2003 38 3;340;024033531437;10;1;0;1;0;0;0;0;0;1;0;0;1;0
2003 38 3;341;024033810687;10;1;0;0;0;0;1;0;0;0;0;0;0;0
2003 38 3;342;024033750652;7;0;1;1;0;0;0;0;0;0;0;0;0;0
2003 38 3;343;024033810573;7;0;0;1;0;1;0;0;0;0;0;0;1;0
2003 38 3;344;024033810745;10;1;0;0;0;0;0;0;0;0;1;0;0;0
2003 38 3;345;024033810989;10;0;0;1;1;0;0;0;0;0;0;0;0;0
2003 38 3;346;024033720446;10;1;0;1;0;0;0;0;0;1;0;0;0;0
2003 38 3;347;024033811117;12;1;0;0;0;0;0;1;0;0;0;0;0;1
2003 38 3;348;024033810619;7;0;0;1;0;1;0;0;0;0;0;0;1;0
2003 38 3;349;024033630711;6;1;0;1;0;0;0;0;1;1;0;1;0;0
2003 38 3;350;024033811274;6;1;0;0;0;0;0;0;0;0;0;0;0;0
2003 38 3;351;024033810547;6;0;0;1;1;0;0;0;0;0;0;0;0;0
2003 38 3;352;024033720237;6;1;0;1;0;0;0;0;0;1;0;0;0;0
2003 38 3;353;024033810725;6;1;0;0;0;0;0;0;0;0;1;0;0;0
2003 38 3;354;024033821338;3;0;0;0;0;1;0;0;0;0;0;0;0;0
2003 38 3;355;024033720655;3;1;0;1;0;0;0;0;0;1;0;0;0;0
2003 38 3;356;024033720330;11;1;0;1;0;0;0;0;1;0;0;0;0;0
2003 38 3;357;024033811192;11;0;0;0;0;1;0;0;0;0;0;0;0;0
2003 38 3;358;024033720198;11;1;0;1;0;0;0;0;0;1;0;0;0;0
2003 38 3;359;024033730247;11;1;0;1;0;0;0;0;0;0;1;1;0;0
2003 38 3;360;024033820108;11;0;0;0;1;0;0;0;0;0;0;0;1;0
2003 38 3;361;024033720292;11;1;0;1;0;0;0;0;0;1;0;0;0;0
2003 38 3;362;024033811309;11;0;0;1;0;1;0;0;0;0;0;0;0;0
2003 38 3;363;024033810195;11;1;0;0;0;0;1;0;0;0;0;0;1;0
2003 38 3;364;024033750261;6;0;1;1;0;0;0;0;0;0;0;0;0;0
2003 38 3;365;024033710240;6;1;0;1;0;0;0;0;0;1;0;0;0;0
2003 38 3;366;024033821312;6;0;0;0;1;0;0;0;0;0;0;0;1;0
2003 38 3;367;024033730227;6;1;0;1;0;0;0;0;0;0;1;1;0;0
2003 38 3;368;024033720523;2;1;0;1;0;0;0;0;0;1;0;0;0;0
2003 38 3;369;024033811428;2;0;0;0;0;1;0;0;0;0;0;0;0;0
2003 38 3;370;024033750605;2;1;0;1;0;0;0;0;0;0;0;0;0;0
2003 38 3;371;024033720013;2;1;0;1;0;0;0;0;0;1;0;0;0;0
2003 38 3;372;024033821229;2;0;0;0;1;0;0;0;0;0;0;0;1;0
2003 38 3;373;024033730160;10;1;0;1;0;0;0;0;0;0;1;1;0;0
2003 38 3;374;024033640121;10;1;0;1;0;0;0;0;0;1;0;0;0;0
2003 38 3;375;024033810665;8;0;0;0;0;1;0;0;0;0;0;0;0;0
2003 38 3;376;024033750430;8;1;0;1;0;0;0;0;0;0;0;0;0;0
2003 38 3;377;024033770002;8;1;0;1;0;0;0;0;0;1;0;0;0;0
2003 38 3;378;024033811137;8;0;0;0;1;0;0;0;0;0;0;0;0;0
2003 38 3;379;024033750594;8;1;0;1;0;0;0;0;0;0;0;0;0;0
2003 38 3;380;024033720555;1;1;0;1;0;0;0;0;0;1;0;0;0;0
2003 38 3;381;024033811421;1;0;0;0;0;1;0;0;0;0;0;0;0;0
2003 38 3;382;024033720480;1;1;0;1;0;0;0;1;0;0;1;1;0;1
2003 38 3;383;024033720363;1;1;0;1;0;0;0;0;0;1;0;0;0;0
2003 38 3;384;024033821272;10;0;0;0;1;0;0;0;0;0;0;0;1;0
2003 38 3;385;024033750458;10;1;0;1;0;0;0;0;0;0;0;0;0;0
2003 38 3;386;024033750601;10;1;0;1;0;0;0;0;0;0;0;0;0;0
2003 38 3;387;024033810323;8;0;0;0;0;1;0;0;0;0;0;0;0;0
2003 38 3;388;024033720239;8;1;0;1;0;0;0;0;0;1;0;0;0;0
2003 38 3;389;024033703733;8;1;0;0;0;0;0;0;0;0;0;0;1;0
2003 38 3;390;024033810219;7;0;1;1;0;0;0;0;0;0;0;0;0;0
2003 38 3;391;024033750541;7;1;0;1;0;0;0;0;0;0;0;0;0;0
2003 38 3;392;024033811418;9;0;0;0;0;1;0;0;0;0;0;0;0;0
2003 38 3;393;024033730194;8;1;0;1;0;0;0;0;0;0;1;1;0;0
2003 38 3;394;024033630803;8;1;0;1;0;0;0;0;0;1;0;0;0;0
2003 38 3;395;024033821300;8;0;0;0;1;0;0;0;0;0;0;0;1;0
2003 38 3;396;024033750462;8;1;0;1;0;0;0;0;0;0;0;0;0;0
2003 38 3;397;024033710198;8;1;0;1;0;0;0;0;0;1;0;0;0;0
2003 38 3;398;024033810354;8;0;0;0;0;1;0;0;0;0;0;0;0;0
2003 38 3;399;024033750600;8;1;0;1;0;0;0;0;0;0;0;0;0;0
2003 38 3;400;024033710353;8;1;0;1;0;0;0;0;0;1;0;0;0;0
2003 38 3;401;024033821306;6;0;0;0;1;0;0;0;0;0;0;0;1;0
2003 38 3;402;024033720406;6;1;0;1;0;0;0;1;0;0;1;1;0;1
2003 38 3;403;024033720205;1;1;0;1;0;0;0;0;0;1;0;0;0;0
2003 38 3;404;024033821323;1;0;0;0;0;1;0;0;0;0;0;0;0;0
2003 38 3;405;024033750570;7;1;0;1;0;0;0;0;0;0;0;0;0;0
2003 38 3;406;024033750497;7;1;0;1;0;0;0;0;0;0;0;0;0;0
2003 38 3;407;024033710107;6;0;0;0;1;0;0;0;1;0;0;0;0;0
2003 38 3;408;024033720189;6;1;0;1;0;0;0;0;0;1;0;0;0;0
2003 38 3;409;024033730215;6;1;0;1;0;0;0;0;0;0;1;1;0;0
2003 38 3;410;024033821350;6;0;0;0;0;1;0;0;0;0;0;0;0;0
2003 38 3;411;024033531409;9;1;0;1;0;0;0;0;0;1;0;0;1;0
2003 38 3;412;024033810299;7;0;1;1;0;0;0;0;0;0;0;0;0;0
2003 38 3;413;024033810312;10;1;0;0;0;0;0;0;0;0;0;0;0;0
2003 38 3;414;024033720262;10;1;0;1;0;0;0;0;0;1;0;0;0;0
2003 38 3;415;024033810624;7;0;0;1;0;1;0;0;0;0;0;0;1;0
2003 38 3;416;024033730717;6;0;0;0;1;0;0;0;1;0;0;0;0;0
2003 38 3;417;024033811135;9;1;0;0;0;0;0;0;0;0;0;0;0;0
2003 38 3;418;024033720254;1;1;0;1;0;0;0;0;0;1;0;0;0;0
2003 38 3;419;024033720418;1;1;0;1;0;0;0;1;0;0;1;1;0;1
2003 38 3;420;024033821339;1;0;0;0;0;1;0;0;0;0;0;0;0;0
2003 38 3;421;024033720267;1;1;0;1;0;0;0;0;0;1;0;0;0;0
2003 38 3;422;024033810676;4;0;0;1;1;0;0;0;0;0;0;0;0;0
2003 38 3;423;024033810057;4;1;0;0;0;0;0;0;0;0;0;0;1;0
2003 38 3;424;024033720234;4;1;0;1;0;0;0;0;0;1;0;0;0;0
2003 38 3;425;024033810345;8;0;0;0;0;1;0;0;0;0;0;0;0;0
2003 38 3;426;024033810189;8;1;0;0;0;0;1;0;0;0;0;0;1;0
2003 38 3;427;024033730172;8;1;0;1;0;0;0;0;0;0;1;1;0;0
2003 38 3;428;024033821320;8;0;0;0;1;0;0;0;0;0;0;0;0;0
2003 38 3;429;024033710302;8;1;0;1;0;0;0;0;0;1;0;0;0;0
2003 38 3;430;024033811255;8;1;0;0;0;0;0;0;0;0;0;0;0;0
2003 38 3;431;024033810888;8;0;0;1;0;1;0;0;0;0;0;0;0;0
2003 38 3;432;024033710148;8;1;0;1;0;0;0;0;0;1;0;0;0;0
2003 38 3;433;024033720627;6;1;0;0;0;0;0;0;0;0;0;1;0;0
2003 38 3;434;024033810011;6;0;1;1;0;0;0;0;0;0;0;0;0;0
2003 38 3;435;024033810731;6;1;0;0;0;0;0;0;0;0;1;0;0;0
2003 38 3;436;024033720415;11;1;0;1;0;0;0;0;0;1;0;0;0;0
2003 38 3;437;024033810874;11;0;0;1;0;1;0;0;0;0;0;0;0;0
2003 38 3;438;024033810679;11;1;0;0;0;0;1;0;0;0;0;0;0;0
2003 38 3;439;024033720593;11;1;0;1;0;0;0;0;0;1;0;0;0;0
2003 38 3;440;024033820641;13;0;0;0;1;0;0;0;0;0;0;0;0;0
2003 38 3;441;024033710840;8;1;0;1;0;0;0;1;0;0;1;1;0;1
2003 38 3;442;024033750431;8;1;0;1;0;0;0;0;0;0;0;0;0;0
2003 38 3;443;024033810337;8;0;0;0;0;1;0;0;0;0;0;0;0;0
2003 38 3;444;024033710349;8;1;0;1;0;0;0;0;0;1;0;0;0;0
2003 38 3;445;024033750847;1;1;0;1;0;0;0;0;0;0;0;0;0;0
2003 38 3;446;024033811119;1;0;0;0;1;0;0;0;0;0;0;0;0;0
2003 38 3;447;024033710358;8;1;0;1;0;0;0;0;0;1;0;0;0;0
2003 38 3;448;024033730201;8;1;0;1;0;0;0;0;0;0;1;1;0;0
2003 38 3;449;024033810357;8;0;0;0;0;1;0;0;0;0;0;0;0;0
2003 38 3;450;024033720236;8;1;0;1;0;0;0;0;0;1;0;0;0;0
2003 38 3;451;024033821284;13;0;0;0;1;0;0;0;0;0;0;0;1;0
2003 38 3;452;024033750584;13;1;0;1;0;0;0;0;0;0;0;0;0;0
2003 38 3;453;024033750305;4;1;0;1;0;0;0;0;0;0;0;0;0;0
2003 38 3;454;024033811417;9;0;0;0;0;1;0;0;0;0;0;0;0;0
2003 38 3;455;024033720331;9;1;0;1;0;0;0;0;0;1;0;0;0;0
2003 38 3;456;024033710903;9;1;0;1;0;0;0;1;0;0;1;1;0;1
2003 38 3;457;024033820323;9;0;0;0;1;0;0;0;0;0;0;0;0;0
2003 38 3;458;024033720461;9;1;0;1;0;0;0;0;0;1;0;0;0;0
2003 38 3;459;024033750480;8;1;0;1;0;0;0;0;0;0;0;0;0;0
2003 38 3;460;024033810343;8;0;0;0;0;1;0;0;0;0;0;0;0;0
2003 38 3;461;024033720185;6;1;0;1;0;0;0;0;0;1;0;0;0;0
2003 38 3;462;024033730214;6;1;0;1;0;0;0;0;0;0;1;1;0;0
2003 38 3;463;024033811168;6;0;0;0;1;0;0;0;0;0;0;0;0;0
2003 38 3;464;024033720183;6;1;0;1;0;0;0;0;0;1;0;0;0;0
2003 38 3;465;024033810614;7;0;0;1;0;1;0;0;0;0;0;0;1;0
2003 38 3;466;024033810232;7;1;0;0;0;0;1;0;0;0;0;0;0;0
2003 38 3;467;024033810218;7;0;1;1;0;0;0;0;0;0;0;0;0;0
2003 38 3;468;024033750112;11;1;0;1;0;0;0;0;0;0;1;0;0;0
2003 38 3;469;024033630455;11;1;0;0;0;0;0;0;0;0;0;1;1;0
2003 38 3;470;024033810898;11;0;0;1;0;1;0;0;0;0;0;0;0;0
2003 38 3;471;024033720195;8;1;0;1;0;0;0;0;0;1;0;0;0;0
2003 38 3;472;024033811114;8;1;0;0;0;0;0;0;0;0;0;0;0;0
2003 38 3;473;024033810003;8;0;0;1;1;0;0;0;0;0;0;0;0;0
2003 38 3;474;024033720301;8;1;0;1;0;0;0;0;0;1;0;0;0;0
2003 38 3;475;024033810336;8;0;0;0;0;1;0;0;0;0;0;0;0;0
2003 38 3;476;024033720483;11;1;0;1;0;0;0;1;0;0;1;1;0;1
2003 38 3;477;024033810680;11;1;0;0;0;0;1;0;0;0;0;0;0;0
2003 38 3;478;024033720215;11;1;0;1;0;0;0;0;0;1;0;0;0;0
2003 38 3;479;024033810141;8;0;0;1;1;0;0;0;0;0;0;0;0;0
2003 38 3;480;024033810340;8;0;0;0;0;1;0;0;0;0;0;0;0;0
2003 38 3;481;024033720553;8;1;0;1;0;0;0;0;0;1;0;0;0;0
2003 38 3;482;024033750036;8;1;0;1;0;0;0;0;0;0;0;0;0;0
2003 38 3;483;024033810341;8;0;0;0;0;1;0;0;0;0;0;0;0;0
2003 38 3;484;024033720321;8;1;0;1;0;0;0;0;0;1;0;0;0;0
2003 38 3;485;024033730169;8;1;0;1;0;0;0;0;0;0;1;1;0;0
2003 38 3;486;024033821319;8;0;0;0;1;0;0;0;0;0;0;0;0;0
2003 38 3;487;024033720362;11;1;0;1;0;0;0;0;0;1;0;0;0;0
2003 38 3;488;024033750022;11;1;0;1;0;0;0;0;0;0;0;0;1;0
2003 38 3;489;024033811404;9;0;0;0;0;1;0;0;0;0;0;0;0;0
2003 38 3;490;024033720015;9;1;0;1;0;0;0;0;0;1;0;0;0;0
2003 38 3;491;024033810751;10;1;0;0;0;0;0;0;0;0;1;0;0;0
2003 38 3;492;024033821250;10;0;0;1;1;0;0;0;0;0;0;0;0;0
2003 38 3;493;024033811280;10;1;0;0;0;0;0;0;0;0;0;0;0;0
2003 38 3;494;024033650551;10;1;0;1;0;0;0;0;0;1;0;1;0;0
2003 38 3;495;024033811187;11;0;0;0;0;1;0;0;0;0;0;0;0;0
2003 38 3;496;024033810196;11;1;0;0;0;0;1;0;0;0;0;0;1;0
2003 38 3;497;024033720186;11;1;0;1;0;0;0;0;0;1;0;0;0;0
2003 38 3;498;024033811259;11;1;0;0;0;0;0;0;0;0;0;0;0;0
2003 38 3;499;024033810705;11;0;0;1;0;1;0;0;0;0;0;0;0;0
2003 38 3;500;024033720646;11;1;0;1;0;0;0;0;0;1;0;0;0;0
2003 38 3;501;024033820485;10;0;0;0;1;0;0;0;0;0;0;0;0;0
2003 38 3;502;024033720349;8;1;0;1;0;0;0;1;0;0;1;1;0;1
2003 38 3;503;024033531450;8;1;0;1;0;0;0;0;0;1;0;0;1;0
2003 38 3;504;024033810344;8;0;0;0;0;1;0;0;0;0;0;0;0;0
2003 38 3;505;024033811246;12;1;0;0;0;0;0;0;0;0;0;0;0;0
2003 38 3;506;024033720199;1;1;0;1;0;0;0;0;0;1;0;0;0;0
2003 38 3;507;024033810313;7;0;1;1;0;0;0;0;0;0;0;0;0;0
2003 38 3;508;024033820315;7;0;0;0;1;0;0;0;0;0;0;0;0;0
2003 38 3;509;024033720197;8;1;0;1;0;0;0;0;0;1;0;0;0;0
2003 38 3;510;024033730186;8;1;0;1;0;0;0;0;0;0;1;1;0;0
2003 38 3;511;024033810663;8;0;0;0;0;1;0;0;0;0;0;0;0;0
2003 38 3;512;024033531440;8;1;0;1;0;0;0;0;0;1;0;0;1;0
2003 38 3;513;024033750608;2;1;0;1;0;0;0;0;0;0;0;0;0;0
2003 38 3;514;024033810510;2;0;0;0;1;0;0;0;0;0;0;0;0;0
2003 38 3;515;024033720255;2;1;0;1;0;0;0;0;0;1;0;0;0;0
2003 38 3;516;024033810585;7;0;0;1;0;1;0;0;0;0;0;0;1;0
2003 38 3;517;024033810734;6;1;0;0;0;0;0;0;0;0;1;0;0;0
2003 38 3;518;024033640934;9;1;0;1;0;0;0;1;1;1;0;1;0;1
2003 38 3;519;024033821234;9;0;0;1;0;1;0;0;0;0;0;0;0;0
2003 38 3;520;024033811266;10;1;0;0;0;0;0;0;0;0;0;0;0;0
2003 38 3;521;024033720569;10;1;0;1;0;0;0;0;0;1;0;0;0;0
2003 38 3;522;024033810902;10;0;0;1;1;0;0;0;0;0;0;0;0;0
2003 38 3;523;024033810176;10;1;0;0;0;0;1;0;0;0;0;0;1;0
2003 38 3;524;024033720219;8;1;0;1;0;0;0;0;0;1;0;0;0;0
2003 38 3;525;024033810706;8;0;0;0;0;1;0;0;0;0;0;0;0;0
2003 38 3;526;024033730199;8;1;0;1;0;0;0;0;0;0;1;1;0;0
2003 38 3;527;024033810021;9;1;0;0;0;0;0;0;0;0;0;0;0;0
2003 38 3;528;024033810992;9;0;0;1;1;0;0;0;0;0;0;0;0;0
2003 38 3;529;024033720243;9;1;0;1;0;0;0;0;0;1;0;0;0;0
2003 38 3;530;024033821232;9;0;0;1;0;1;0;0;0;0;0;0;0;0
2003 38 3;531;024033811018;9;1;0;0;0;0;0;0;0;0;0;0;0;0
2003 38 3;532;024033720575;9;1;0;1;0;0;0;0;0;1;0;0;0;0
2003 38 3;533;024033810136;7;0;1;1;0;0;0;0;0;0;0;0;0;0
2003 38 3;534;024033720824;8;1;0;0;0;0;1;1;0;0;1;1;0;1
2003 38 3;535;024033810100;8;0;0;1;1;0;0;0;0;0;0;0;0;0
2003 38 3;536;024033720257;8;1;0;1;0;0;0;0;0;1;0;0;0;0
2003 38 3;537;024033811276;8;1;0;0;0;0;0;0;0;0;0;0;0;0
2003 38 3;538;024033810324;8;0;0;0;0;1;0;0;0;0;0;0;0;0
2003 38 3;539;024033720273;8;1;0;1;0;0;0;0;0;1;0;0;0;0
2003 38 3;540;024033730175;8;1;0;1;0;0;0;0;0;0;1;1;0;0
2003 38 3;541;024033821268;8;0;0;0;1;0;0;0;0;0;0;0;1;0
2003 38 3;542;024033720266;1;1;0;1;0;0;0;0;0;1;0;0;0;0
2003 38 3;543;024033710798;6;1;0;1;0;0;0;0;1;0;0;0;0;0
2003 38 3;544;024033810356;8;0;0;0;0;1;0;0;0;0;0;0;0;0
2003 38 3;545;024033710211;3;1;0;1;0;0;0;0;0;1;0;0;0;0
2003 38 3;546;024033730235;6;1;0;1;0;0;0;0;0;0;1;1;0;0
2003 38 3;547;024033811430;9;0;0;0;1;0;0;0;0;0;0;0;1;0
2003 38 3;548;024033720291;9;1;0;1;0;0;0;0;0;1;0;0;0;0
2003 38 3;549;024033811416;9;0;0;0;0;1;0;0;0;0;0;0;0;0
2003 38 3;550;024033730078;9;1;0;1;0;0;0;0;1;0;0;0;0;0
2003 38 3;551;024033720220;9;1;0;1;0;0;0;0;0;1;0;0;0;0
2003 38 3;552;024033810119;9;0;0;0;1;0;0;0;0;0;0;0;0;0
2003 38 3;553;024033811250;6;1;0;0;0;0;1;0;0;0;0;0;0;0
2003 38 3;554;024033811189;6;0;0;1;0;1;0;0;0;0;0;0;0;0
2003 38 3;555;024033650243;6;1;0;1;0;0;0;0;0;1;0;1;0;0
2003 38 3;556;024033810735;6;1;0;0;0;0;0;0;0;0;1;0;0;0
2003 38 3;557;024033810223;7;0;1;1;0;0;0;0;0;0;0;0;0;0
2003 38 3;558;024033750641;7;1;0;1;0;0;0;0;0;0;0;0;0;0
2003 38 3;559;024033810347;8;0;0;0;0;1;0;0;0;0;0;0;0;0
2003 38 3;560;024033720629;8;1;0;1;0;0;0;0;0;1;0;0;0;0
2003 38 3;561;024033811252;8;1;0;0;0;0;0;0;0;0;0;0;0;0
2003 38 3;562;024033820313;8;0;0;1;1;0;0;0;0;0;0;0;0;0
2003 38 3;563;024033720408;8;1;0;1;0;0;0;1;0;0;1;1;0;1
2003 38 3;564;024033811226;8;1;0;0;0;0;0;0;0;0;0;0;0;0
2003 38 3;565;024033720356;8;1;0;1;0;0;0;0;0;1;0;0;0;0
2003 38 3;566;024033810638;7;0;0;1;0;1;0;0;0;0;0;0;1;0
2003 38 3;567;024033810689;10;1;0;0;0;0;1;0;0;0;0;0;0;0
2003 38 3;568;024033821236;13;0;0;1;1;0;0;0;0;0;0;0;0;0
2003 38 3;569;024033750528;13;1;0;1;0;0;0;0;0;0;0;0;0;0
2003 38 3;570;024033720936;8;1;0;0;0;0;0;0;0;0;0;1;0;0
2003 38 3;571;024033811381;1;0;0;1;0;1;0;0;0;0;0;0;0;0
2003 38 3;572;024033720173;1;1;0;1;0;0;0;0;0;1;0;0;0;0
2003 38 3;573;024033810713;6;1;0;0;0;0;0;0;0;0;1;0;0;0
2003 38 3;574;024033821240;6;0;0;1;1;0;0;0;0;0;0;0;1;0
2003 38 3;575;024033720398;1;1;0;1;0;0;0;0;0;1;0;0;0;0
2003 38 3;576;024033811321;1;0;0;0;0;1;0;1;0;0;0;0;0;0
2003 38 3;577;024033750474;1;1;0;1;0;0;0;0;0;0;0;0;0;0
2003 38 3;578;024033531427;1;1;0;1;0;0;0;0;0;1;0;0;1;0
2003 38 3;579;024033730157;6;0;0;0;1;0;1;1;1;0;0;1;0;1
2003 38 3;580;024033810759;11;1;0;0;0;0;0;0;0;0;1;0;0;0
2003 38 3;581;024033720191;11;1;0;1;0;0;0;0;0;1;0;0;0;0
2003 38 3;582;024033810844;11;0;0;0;0;1;0;0;0;0;0;0;0;0
2003 38 3;583;024033750563;11;1;0;1;0;0;0;0;0;0;0;0;0;0
2003 38 3;584;024033720317;9;1;0;1;0;0;0;0;0;1;0;0;0;0
2003 38 3;585;024033821266;13;0;0;0;1;0;0;0;0;0;0;0;1;0
2003 38 3;586;024033750654;13;0;1;1;0;0;0;0;0;0;0;0;0;0
2003 38 3;587;024033720592;13;1;0;1;0;0;0;0;0;0;0;1;0;0
2003 38 3;588;024033811228;13;1;0;0;0;0;0;0;0;0;0;0;0;0
2003 38 3;589;024033810570;7;0;0;1;0;1;0;0;0;0;0;0;1;0
2003 38 3;590;024033720216;6;1;0;1;0;0;0;0;0;1;0;0;0;0
2003 38 3;591;024033810723;6;1;0;0;0;0;0;0;0;0;1;0;0;0
2003 38 3;592;024033810527;5;0;0;1;1;0;0;0;0;0;0;0;0;0
2003 38 3;593;024033720249;8;1;0;1;0;0;0;0;0;1;0;0;0;0
2003 38 3;594;024033810351;8;0;0;0;0;1;0;0;0;0;0;0;0;0
2003 38 3;595;024033630701;8;1;0;1;0;0;0;1;1;1;0;1;0;1
2003 38 3;596;024033811238;8;1;0;0;0;0;0;0;0;0;0;0;0;0
2003 38 3;597;024033821237;6;0;0;1;1;0;0;0;0;0;0;0;1;0
2003 38 3;598;024033810737;6;1;0;0;0;0;0;0;0;0;1;0;0;0
2003 38 3;599;024033720247;8;1;0;1;0;0;0;0;0;1;0;0;0;0
2003 38 3;600;024033830662;8;0;0;1;0;1;0;0;0;0;0;0;0;0
2003 38 3;601;024033811079;8;1;0;0;0;0;0;0;0;0;0;0;0;0
2003 38 3;602;024033720268;8;1;0;1;0;0;0;0;0;1;0;0;0;0
2003 38 3;603;024033730173;8;1;0;1;0;0;0;0;0;0;1;1;0;0
2003 38 3;604;024033821321;8;0;0;0;1;0;0;0;0;0;0;0;0;0
2003 38 3;605;024033720444;8;1;0;1;0;0;0;0;0;1;0;0;0;0
2003 38 3;606;024033821289;8;0;0;1;0;1;0;0;0;0;0;0;0;0
2003 38 3;607;024033703737;8;1;0;0;0;0;0;0;0;0;0;0;1;0
2003 38 3;608;024033720432;8;1;0;1;0;0;0;0;0;1;0;0;0;0
2003 38 3;609;024033810156;7;0;1;1;0;0;0;0;0;0;0;0;0;0
2003 38 3;610;024033810990;6;0;0;0;1;0;0;0;0;0;0;0;0;0
2003 38 3;611;024033730223;6;1;0;1;0;0;0;0;0;0;1;1;0;0
2003 38 3;612;024033720203;8;1;0;1;0;0;0;0;0;1;0;0;0;0
2003 38 3;613;024033810355;8;0;0;0;0;1;0;0;0;0;0;0;0;0
2003 38 3;614;024033811078;8;1;0;0;0;0;0;0;0;0;0;0;0;0
2003 38 3;615;024033720358;8;1;0;1;0;0;0;0;0;1;0;0;0;0
2003 38 3;616;024033821217;13;0;0;0;1;0;0;0;0;0;0;0;1;0
2003 38 3;617;024033750469;1;1;0;1;0;0;0;0;0;0;0;0;0;0
2003 38 3;618;024033720688;1;1;0;1;0;0;0;0;0;1;0;0;0;0
2003 38 3;619;024033821342;1;0;0;0;0;1;0;0;0;0;0;0;0;0
2003 38 3;620;024033720344;4;1;0;1;0;0;0;1;0;0;1;1;0;1
2003 38 3;621;024033720602;10;1;0;1;0;0;0;0;0;1;0;0;0;0
2003 38 3;622;024033811229;10;1;0;0;0;0;0;0;0;0;0;0;0;0
2003 38 3;623;024033810132;7;0;0;1;1;0;0;0;0;0;0;0;0;0
2003 38 3;624;024033720233;8;1;0;1;0;0;0;0;0;1;0;0;0;0
2003 38 3;625;024033810187;8;1;0;0;0;0;1;0;0;0;0;0;1;0
2003 38 3;626;024033810342;8;0;0;0;0;1;0;0;0;0;0;0;0;0
2003 38 3;627;024033720460;8;1;0;1;0;0;0;0;0;1;0;0;0;0
2003 38 3;628;024033811080;8;1;0;0;0;0;0;0;0;0;0;0;0;0
2003 38 3;629;024033810147;5;0;0;1;1;0;0;0;0;0;0;0;0;0
2003 38 3;630;024033720229;8;1;0;1;0;0;0;0;0;1;0;0;0;0
2003 38 3;631;024033810326;8;0;0;0;0;1;0;0;0;0;0;0;0;0
2003 38 3;632;024033730180;8;1;0;1;0;0;0;0;0;0;1;1;0;0
2003 38 3;633;024033720271;8;1;0;1;0;0;0;0;0;1;0;0;0;0
2003 38 3;634;024033810348;8;0;0;0;0;1;0;0;0;0;0;0;0;0
2003 38 3;635;024033810130;7;0;1;1;0;0;0;0;0;0;0;0;0;0
2003 38 3;636;024033820106;13;0;0;0;1;0;0;0;0;0;0;0;1;0
2003 38 3;637;024033720588;13;1;0;1;0;0;0;0;0;1;0;0;0;0
2003 38 3;638;024033750527;13;1;0;1;0;0;0;0;0;0;0;0;0;0
2003 38 3;639;024033810657;13;0;0;0;0;1;0;0;0;0;0;0;0;0
2003 38 3;640;024033720405;6;1;0;1;0;0;0;1;0;0;1;1;0;1
2003 38 3;641;024033720259;6;1;0;1;0;0;0;0;0;1;0;0;0;0
2003 38 3;642;024033811375;6;0;0;0;1;0;0;0;0;0;0;0;1;0
2003 38 3;643;024033750574;6;1;0;1;0;0;0;0;0;0;0;0;0;0
2003 38 3;644;024033720694;6;1;0;1;0;0;0;0;0;1;0;0;0;0
2003 38 3;645;024033810673;11;0;0;0;0;1;0;0;0;0;0;0;0;0
2003 38 3;646;024033750127;11;1;0;1;0;0;0;0;0;0;1;0;0;0
2003 38 3;647;024033720269;11;1;0;1;0;0;0;0;0;1;0;0;0;0
2003 38 3;648;024033820085;5;0;0;0;1;0;0;0;0;0;0;0;1;0
2003 38 3;649;024033750596;3;1;0;1;0;0;0;0;0;0;0;0;0;0
2003 38 3;650;024033720221;3;1;0;1;0;0;0;0;0;1;0;0;0;0
2003 38 3;651;024033821328;3;0;0;0;0;1;0;0;0;0;0;0;0;0
2003 38 3;652;024033730129;11;1;0;1;0;0;0;0;0;0;1;1;0;0
2003 38 3;653;024033720653;11;1;0;1;0;0;0;0;0;1;0;0;0;0
2003 38 3;654;024033811357;6;0;0;0;1;0;0;0;0;0;0;0;1;0
2003 38 3;655;024033750517;6;1;0;1;0;0;0;0;0;0;0;0;0;0
2003 38 3;656;024033811412;3;0;0;0;0;1;0;0;0;0;0;0;0;0
2003 38 3;657;024033720184;3;1;0;1;0;0;0;0;0;1;0;0;0;0
2003 38 3;658;024033810120;7;0;1;1;0;0;0;0;0;0;0;0;0;0
2003 38 3;659;024033810696;2;1;0;0;0;0;1;0;0;0;0;0;0;0
2003 38 3;660;024033720345;11;1;0;1;0;0;0;1;0;0;1;1;0;1
2003 38 3;661;024033810605;7;0;0;1;0;1;0;0;0;0;0;0;1;0
2003 38 3;662;024033811156;2;1;0;0;0;0;0;0;0;0;0;0;0;0
2003 38 3;663;024033810946;1;0;0;1;1;0;0;0;0;0;0;0;0;0
2003 38 3;664;024033720649;1;1;0;1;0;0;0;0;0;1;0;0;0;0
2003 38 3;665;024033811227;8;1;0;0;0;0;0;0;0;0;0;0;0;0
2003 38 3;666;024033810350;8;0;0;0;0;1;0;0;0;0;0;0;0;0
2003 38 3;667;024033720196;8;1;0;1;0;0;0;0;0;1;0;0;0;0
2003 38 3;668;024033730192;8;1;0;1;0;0;0;0;0;0;1;1;0;0
2003 38 3;669;024033821318;8;0;0;0;1;0;0;0;0;0;0;0;0;0
2003 38 3;670;024033720413;8;1;0;1;0;0;0;0;0;1;0;0;0;0
2003 38 3;671;024033810352;8;0;0;0;0;1;0;0;0;0;0;0;0;0
2003 38 3;672;024033750559;8;1;0;1;0;0;0;0;0;0;0;0;0;0
2003 38 3;673;024033811154;2;1;0;0;0;0;0;0;0;0;0;0;0;0
2003 38 3;674;024033811208;2;1;0;0;0;0;0;0;0;0;1;0;0;0
2003 38 3;675;024033720598;1;1;0;1;0;0;0;0;0;1;0;0;0;0
2003 38 3;676;024033810615;7;0;0;1;0;1;0;0;0;0;0;0;1;0
2003 38 3;677;024033720823;2;1;0;0;0;0;0;0;0;0;0;1;0;0
2003 38 3;678;024033720500;8;1;0;1;0;0;0;0;0;1;0;0;0;0
2003 38 3;679;024033821239;6;0;0;1;1;0;0;0;0;0;0;0;1;0
2003 38 3;680;024033810711;6;1;0;0;0;0;0;0;0;0;1;0;0;0
2003 38 3;681;024033720230;11;1;0;1;0;0;0;0;0;1;0;0;0;0
2003 38 3;682;024033830677;11;0;0;1;0;1;0;0;0;0;0;0;0;0
2003 38 3;683;024033730545;11;1;0;0;0;0;0;1;0;0;0;0;0;1
2003 38 3;684;024033720364;11;1;0;1;0;0;0;0;0;1;0;0;0;0
2003 38 3;685;024033810158;7;0;1;1;0;0;0;0;0;0;0;0;0;0
2003 38 3;686;024033710165;10;1;0;0;0;0;0;0;0;0;0;1;1;0
2003 38 3;687;024033810497;7;0;0;1;1;0;0;0;0;0;0;0;0;0
2003 38 3;688;024033720365;4;1;0;1;0;0;0;0;0;1;0;0;0;0
2003 38 3;689;024033810849;4;1;0;0;0;0;0;0;0;0;1;0;0;0
2003 38 3;690;024033810632;7;0;0;1;0;1;0;0;0;0;0;0;1;0
2003 38 3;691;024033720443;10;1;0;1;0;0;0;0;0;1;0;0;0;0
2003 38 3;692;024033811159;10;1;0;0;0;0;0;0;0;0;0;0;0;0
2003 38 3;693;024033811388;10;0;0;1;1;0;0;0;0;0;0;0;1;0
2003 38 3;694;024033750609;10;1;0;1;0;0;0;0;0;0;0;0;0;0
2003 38 3;695;024033811162;11;0;0;0;0;1;0;0;0;0;0;0;0;0
2003 38 3;696;024033720597;11;1;0;1;0;0;0;0;0;1;0;0;0;0
2003 38 3;697;024033730249;11;1;0;1;0;0;0;0;0;0;1;1;0;0
2003 38 3;698;024033810414;11;0;0;0;1;0;0;0;0;0;0;0;0;0
2003 38 3;699;024033720272;11;1;0;1;0;0;0;0;0;1;0;0;0;0
2003 38 3;700;024033750021;11;1;0;1;0;0;0;0;0;0;0;0;1;0
2003 38 3;701;024033811175;11;0;0;0;0;1;0;0;0;0;0;0;0;0
2003 38 3;702;024033720258;11;1;0;1;0;0;0;0;0;1;0;0;0;0
2003 38 3;703;024033810049;11;1;0;0;0;0;0;0;0;0;0;0;1;0
2003 38 3;704;024033810525;5;0;0;1;1;0;0;0;0;0;0;0;0;0
2003 38 3;705;024033730168;8;1;0;1;0;0;0;0;0;0;1;1;0;0
2003 38 3;706;024033810191;8;1;0;0;0;0;1;0;0;0;0;0;1;0
2003 38 3;707;024033810339;8;0;0;0;0;1;0;0;0;0;0;0;0;0
2003 38 3;708;024033720265;8;1;0;1;0;0;0;0;0;1;0;0;0;0
2003 38 3;709;024033770001;8;1;0;1;0;0;0;0;0;1;0;0;0;0
2003 38 3;710;024033820110;8;0;0;0;1;0;0;0;0;0;0;0;1;0
2003 38 3;711;024033720419;8;1;0;1;0;0;0;1;0;0;1;1;0;1
2003 38 3;712;024033821331;8;0;0;0;0;1;0;0;0;0;0;0;0;0
2003 38 3;713;024033720583;8;1;0;1;0;0;0;0;0;1;0;0;0;0
2003 38 3;714;024033810310;7;0;1;1;0;0;0;0;0;0;0;0;0;0
2003 38 3;715;024033811219;4;1;0;0;0;0;0;0;0;0;0;0;0;0
2003 38 3;716;024033720208;4;1;0;1;0;0;0;0;0;1;0;0;0;0
2003 38 3;717;024033810563;7;0;0;1;0;1;0;0;0;0;0;0;1;0
2003 38 3;718;024033810698;4;1;0;0;0;0;1;0;0;0;0;0;0;0
2003 38 3;719;024033730209;6;1;0;1;0;0;0;0;0;0;1;1;0;0
2003 38 3;720;024033821231;6;0;0;1;1;0;0;0;0;0;0;0;1;0
2003 38 3;721;024033811288;6;1;0;0;0;0;0;0;0;0;0;0;0;0
2003 38 3;722;024033810659;5;0;0;1;0;1;0;0;0;0;0;0;0;0
2003 38 3;723;024033720511;5;1;0;1;0;0;0;0;0;1;0;0;0;0
2003 38 3;724;024033810918;10;1;0;0;0;0;0;0;0;0;0;0;0;0
2003 38 3;725;024033750503;10;1;0;1;0;0;0;0;0;0;0;0;0;0
2003 38 3;726;024033720689;10;1;0;1;0;0;0;0;0;1;0;0;0;0
2003 38 3;727;024033811427;8;0;0;0;0;1;0;0;0;0;0;0;0;0
2003 38 3;728;024033720482;8;1;0;1;0;0;0;1;0;0;1;1;0;1
2003 38 3;729;024033821288;9;0;0;0;1;0;0;0;0;0;0;0;1;0
2003 38 3;730;024033720599;9;1;0;1;0;0;0;0;0;1;0;0;0;0
2003 38 3;731;024033750436;9;1;0;1;0;0;0;0;0;0;0;0;0;0
2003 38 3;732;024033810941;12;0;0;0;0;1;0;0;0;0;0;0;0;0
2003 38 3;733;024033750443;12;1;0;1;0;0;0;0;0;0;0;0;0;0
2003 38 3;734;024033750025;12;1;0;1;0;0;0;0;0;0;0;0;1;0
2003 38 3;735;024033821258;4;0;0;0;1;0;0;0;0;0;0;0;0;0
2003 38 3;736;024033710796;4;1;0;1;0;0;0;0;0;0;0;1;0;0
2003 38 3;737;024033810590;7;0;0;1;0;1;0;0;0;0;0;0;1;0
2003 38 3;738;024033810757;11;1;0;0;0;0;0;0;0;0;1;0;0;0
2003 38 3;739;024033720253;11;1;0;1;0;0;0;0;0;1;0;0;0;0
2003 38 3;740;024033810015;7;0;1;1;0;0;0;0;0;0;0;0;0;0
2003 38 3;741;024033811196;7;1;0;0;0;0;0;0;0;0;0;0;0;0
2003 38 3;742;024033810631;7;0;0;1;0;1;0;0;0;0;0;0;1;0
2003 38 3;743;024033750042;7;1;0;1;0;0;0;0;0;0;0;0;0;0
2003 38 3;744;024033811338;2;0;0;0;1;0;0;1;0;0;0;0;0;1
2003 38 3;745;024033720603;2;1;0;1;0;0;0;0;0;1;0;0;0;0
2003 38 3;746;024033730256;12;1;0;1;0;0;0;0;0;0;1;1;0;0
2003 38 3;747;024033821283;12;0;0;0;0;1;0;0;0;0;0;0;0;0
2003 38 3;748;024033720348;12;1;0;1;0;0;0;0;0;1;0;0;0;0
2003 38 3;749;024033750607;10;1;0;1;0;0;0;0;0;0;0;0;0;0
2003 38 3;750;024033821261;10;0;0;0;1;0;0;0;0;0;0;0;1;0
2003 38 3;751;024033720277;10;1;0;1;0;0;0;0;0;1;0;0;0;0
2003 38 3;752;024033750239;10;1;0;1;0;0;0;0;0;0;0;0;0;0
2003 38 3;753;024033811133;13;0;0;0;0;1;0;0;0;0;0;0;0;0
2003 38 3;754;024033630321;10;1;0;1;0;0;0;0;1;1;0;1;0;0
2003 38 3;755;024033810744;10;1;0;0;0;0;0;0;0;0;1;0;0;0
2003 38 3;756;024033820359;10;0;0;1;1;0;0;0;0;0;0;0;0;0
2003 38 3;757;024033531449;8;1;0;1;0;0;0;0;0;1;0;0;1;0
2003 38 3;758;024033811237;8;1;0;0;0;0;0;0;0;0;0;0;0;0
2003 38 3;759;024033740030;8;0;1;1;0;0;0;0;0;0;0;0;0;0
2003 38 3;760;024033703734;8;1;0;0;0;0;0;0;0;0;0;0;1;0
2003 38 3;761;024033730197;8;1;0;1;0;0;0;0;0;0;1;1;0;0
2003 38 3;762;024033811310;8;0;0;1;0;1;0;0;0;0;0;0;0;0
2003 38 3;763;024033811272;2;1;0;0;0;0;0;0;0;0;0;0;0;0
2003 38 3;764;024033720392;9;1;0;1;0;0;0;0;0;1;0;0;0;0
2003 38 3;765;024033810413;9;0;0;1;1;0;0;0;0;0;0;0;0;0
2003 38 3;766;024033810039;9;1;0;0;0;0;0;0;0;0;0;0;1;0
2003 38 3;767;024033720304;9;1;0;1;0;0;0;0;0;1;0;0;0;0
2003 38 3;768;024033821235;9;0;0;1;0;1;0;0;0;0;0;0;0;0
2003 38 3;769;024033810749;10;1;0;0;0;0;0;0;0;0;1;0;0;0
2003 38 3;770;024033730070;10;1;0;1;0;0;0;0;0;1;0;0;0;0
2003 38 3;771;024033810149;5;0;0;1;1;0;0;0;0;0;0;0;0;0
2003 38 3;772;024033530144;8;1;0;0;0;0;0;0;1;0;0;1;1;0
2003 38 3;773;024033730533;8;1;0;1;0;0;0;1;0;1;0;0;0;1
2003 38 3;774;024033810660;8;0;0;1;0;1;0;0;0;0;0;0;0;0
2003 38 3;775;024033810722;6;1;0;0;0;0;0;0;0;0;1;0;0;0
2003 38 3;776;024033720188;3;1;0;1;0;0;0;0;0;1;0;0;0;0
2003 38 3;777;024033820113;3;0;0;1;1;0;0;0;0;0;0;0;1;0
2003 38 3;778;024033811126;3;1;0;0;0;0;0;0;0;0;0;0;0;0
2003 38 3;779;024033720187;3;1;0;1;0;0;0;0;0;1;0;0;0;0
2003 38 3;780;024033821348;3;0;0;0;0;1;0;0;0;0;0;0;0;0
2003 38 3;781;024033730165;3;1;0;1;0;0;0;0;0;0;1;1;0;0
2003 38 3;782;024033720225;3;1;0;1;0;0;0;0;0;1;0;0;0;0
2003 38 3;783;024033821297;12;0;0;0;1;0;0;0;0;0;0;0;1;0
2003 38 3;784;024033750029;7;1;0;1;0;0;0;0;0;0;0;0;0;0
2003 38 3;785;024033811147;12;1;0;0;0;0;0;1;0;0;0;0;0;0
2003 38 3;786;024033810116;7;0;1;1;0;0;0;0;0;0;0;0;0;0
2003 38 3;787;024033810625;7;0;0;1;0;1;0;0;0;0;0;0;1;0
2003 38 3;788;024033810688;10;1;0;0;0;0;1;0;0;0;0;0;0;0
2003 38 3;789;024033730248;11;1;0;1;0;0;0;0;0;0;1;1;0;0
2003 38 3;790;024033720256;11;1;0;1;0;0;0;0;0;1;0;0;0;0
2003 38 3;791;024033811029;2;0;0;0;0;1;0;0;0;0;0;0;0;0
2003 38 3;792;024033811275;2;1;0;0;0;0;0;0;0;0;0;0;0;0
2003 38 3;793;024033531422;2;1;0;1;0;0;0;0;0;1;0;0;1;0
2003 38 3;794;024033810986;7;0;0;1;1;0;0;0;0;0;0;0;0;0
2003 38 3;795;024033811060;8;1;0;0;0;0;0;1;0;0;0;0;0;1
2003 38 3;796;024033531494;8;1;0;1;0;0;0;0;0;1;0;0;1;0
2003 38 3;797;024033730174;8;1;0;1;0;0;0;0;0;0;1;1;0;0
2003 38 3;798;024033821333;8;0;0;0;0;1;0;0;0;0;0;0;0;0
2003 38 3;799;024033531489;8;1;0;1;0;0;0;0;0;1;0;0;1;0
2003 38 3;800;024033811077;8;1;0;0;0;0;0;0;0;0;0;0;0;0
2003 38 3;801;024033820492;8;0;0;1;1;0;0;0;0;0;0;0;0;0
2003 38 3;802;024033531451;8;1;0;1;0;0;0;0;0;1;0;0;1;0
2003 38 3;803;024033811402;8;0;0;0;0;1;0;0;0;0;0;0;0;0
2003 38 3;804;024033730206;6;1;0;1;0;0;0;0;0;0;1;1;0;0
2003 38 3;805;024033810125;7;0;1;1;0;0;0;0;0;0;0;0;0;0
2003 38 3;806;024033630451;8;1;0;0;0;0;0;0;0;0;0;0;1;0
2003 38 3;807;024033720357;8;1;0;1;0;0;0;0;0;1;0;0;0;0
2003 38 3;808;024033811368;2;0;0;0;0;1;0;1;0;0;0;0;0;0
2003 38 3;809;024033750209;2;1;0;1;0;0;0;0;0;0;0;0;0;0
2003 38 3;810;024033810233;2;0;0;0;1;0;0;0;0;0;0;0;0;0
2003 38 3;811;024033730130;2;1;0;1;0;0;0;0;0;0;1;1;0;0
2003 38 3;812;024033720002;2;1;0;1;0;0;0;0;0;1;0;0;0;0
2003 38 3;813;024033810643;2;0;0;0;0;1;0;0;0;0;0;0;0;0
2003 38 3;814;024033811131;2;1;0;0;0;0;0;0;0;0;0;0;0;0
2003 38 3;815;024033730531;2;1;0;1;0;0;0;0;0;1;0;0;0;0
2003 38 3;816;024033820081;2;0;0;1;1;0;0;0;0;0;0;0;1;0
2003 38 3;817;024033720693;2;1;0;0;0;0;0;1;0;0;0;0;0;1
2003 38 3;818;024033730188;8;1;0;1;0;0;0;0;0;0;1;1;0;0
2003 38 3;819;024033811403;8;0;0;0;0;1;0;0;0;0;0;0;0;0
2003 38 3;820;024033531446;8;1;0;1;0;0;0;0;0;1;0;0;1;0
2003 38 3;821;024033810693;8;1;0;0;0;0;1;0;0;0;0;0;0;0
2003 38 3;822;024033810137;7;0;1;1;0;0;0;0;0;0;0;0;0;0
2003 38 3;823;024033720190;11;1;0;1;0;0;0;0;0;1;0;0;0;0
2003 38 3;824;024033821330;6;0;0;0;0;1;0;0;0;0;0;0;0;0
2003 38 3;825;024033730207;6;1;0;1;0;0;0;0;0;0;1;1;0;0
2003 38 3;826;024033811201;6;1;0;0;0;0;0;0;0;0;0;0;0;0
2003 38 3;827;024033810498;6;0;0;1;1;0;0;0;0;0;0;0;0;0
2003 38 3;828;024033720504;6;1;0;1;0;0;0;0;0;1;0;0;0;0
2003 38 3;829;024033810739;6;1;0;0;0;0;0;0;0;0;1;0;0;0
2003 38 3;830;024033821230;5;0;0;1;0;1;0;1;0;0;0;0;0;0
2003 38 3;831;024033811120;5;1;0;0;0;0;0;0;0;0;0;0;0;0
2003 38 3;832;024033720346;5;1;0;1;0;0;0;0;0;1;0;0;0;0
2003 38 3;833;024033811304;5;0;0;1;0;1;0;0;0;0;0;0;0;0
2003 38 3;834;024033810699;4;1;0;0;0;0;1;0;0;0;0;0;0;0
2003 38 3;835;024033710934;10;1;0;1;0;0;0;1;0;0;1;1;0;1
2003 38 3;836;024033820129;8;0;0;1;1;0;0;0;0;0;0;0;1;0
2003 38 3;837;024033811136;8;1;0;0;0;0;0;0;0;0;0;0;0;0
2003 38 3;838;024033720322;8;1;0;1;0;0;0;0;0;1;0;0;0;0
2003 38 3;839;024033810118;8;0;0;1;0;1;0;0;0;0;0;0;0;0
2003 38 3;840;024033811084;8;1;0;0;0;0;0;0;0;0;0;0;0;0
2003 38 3;841;024033810023;7;0;1;1;0;0;0;0;0;0;0;0;0;0
2003 38 3;842;024033810715;6;1;0;0;0;0;0;0;0;0;1;0;0;0
2003 38 3;843;024033720619;6;1;0;1;0;0;0;0;0;1;0;0;0;0
2003 38 3;844;024033810666;13;0;0;0;0;1;0;0;0;0;0;0;0;0
2003 38 3;845;024033750024;2;1;0;1;0;0;0;0;0;0;0;0;1;0
2003 38 3;846;024033720201;3;1;0;1;0;0;0;0;0;1;0;0;0;0
2003 38 3;847;024033811400;3;0;0;0;1;0;0;0;0;0;0;0;0;0
2003 38 3;848;024033730190;8;1;0;1;0;0;0;0;0;0;1;1;0;0
2003 38 3;849;024033531443;8;1;0;1;0;0;0;0;0;1;0;0;1;0
2003 38 3;850;024033821317;8;0;0;0;0;1;0;0;0;0;0;0;0;0
2003 38 3;851;024033750429;8;1;0;1;0;0;0;0;0;0;0;0;0;0
2003 38 3;852;024033770003;8;1;0;1;0;0;0;0;0;1;0;0;0;0
2003 38 3;853;024033821335;8;0;0;0;0;1;0;0;0;0;0;0;0;0
2003 38 3;854;024033720423;11;1;0;1;0;0;0;1;0;0;1;1;0;1
2003 38 3;855;024033820086;11;0;0;0;1;0;0;0;0;0;0;0;1;0
2003 38 3;856;024033720251;11;1;0;1;0;0;0;0;0;1;0;0;0;0
2003 38 3;857;024033750540;7;1;0;1;0;0;0;0;0;0;0;0;0;0
2003 38 3;858;024033811177;7;0;0;0;0;1;0;0;0;0;0;0;0;0
2003 38 3;859;024033650119;7;1;0;1;0;0;0;0;1;1;0;0;0;0
2003 38 3;860;024033750040;7;1;0;1;0;0;0;0;0;0;0;0;0;0
2003 38 3;861;024033821296;6;0;0;0;1;0;0;0;0;0;0;0;1;0
2003 38 3;862;024033730217;6;1;0;1;0;0;0;0;0;0;1;1;0;0
2003 38 3;863;024033720327;6;1;0;1;0;0;0;0;0;1;0;0;0;0
2003 38 3;864;024033810231;7;1;0;0;0;0;1;0;0;0;0;0;0;0
2003 38 3;865;024033810586;7;0;0;1;0;1;0;0;0;0;0;0;1;0
2003 38 3;866;024033750530;5;1;0;1;0;0;0;0;0;0;0;0;0;0
2003 38 3;867;024033811104;5;1;0;0;0;0;0;0;0;0;0;0;0;0
2003 38 3;868;024033810536;9;0;0;1;1;0;0;0;0;0;0;0;0;0
2003 38 3;869;024033531407;9;1;0;1;0;0;0;0;0;1;0;0;1;0
2003 38 3;870;024033811306;9;0;0;0;0;1;0;0;0;0;0;0;0;0
2003 38 3;871;024033811202;12;1;0;0;0;0;0;0;0;0;0;0;0;0
2003 38 3;872;024033531436;10;1;0;1;0;0;0;0;0;1;0;0;1;0
2003 38 3;873;024033730204;6;1;0;1;0;0;0;0;0;0;1;1;0;0
2003 38 3;874;024033810449;8;0;0;0;1;0;0;1;0;0;0;0;0;1
2003 38 3;875;024033811408;8;0;0;0;0;1;0;0;0;0;0;0;0;0
2003 38 3;876;024033720222;8;1;0;1;0;0;0;0;0;1;0;0;0;0
2003 38 3;877;024033811085;8;1;0;0;0;0;0;0;0;0;0;0;0;0
2003 38 3;878;024033810022;7;0;1;1;0;0;0;0;0;0;0;0;0;0
2003 38 3;879;024033750175;11;1;0;1;0;0;0;0;0;0;1;0;0;0
2003 38 3;880;024033811141;11;0;0;0;0;1;0;0;0;0;0;0;0;0
2003 38 3;881;024033720218;11;1;0;1;0;0;0;0;0;1;0;0;0;0
2003 38 3;882;024033820525;5;0;0;1;1;0;0;0;0;0;0;0;0;0
2003 38 3;883;024033810205;11;1;0;0;0;0;1;0;0;0;0;0;1;0
2003 38 3;884;024033730252;11;1;0;1;0;0;0;0;0;0;1;1;0;0
2003 38 3;885;024033820914;11;0;0;1;0;1;0;0;0;0;0;0;0;0
2003 38 3;886;024033810965;6;1;0;0;0;0;0;0;0;0;0;0;0;0
2003 38 3;887;024033531416;6;1;0;1;0;0;0;0;0;1;0;0;1;0
2003 38 3;888;024033810553;6;0;0;1;1;0;0;0;0;0;0;0;0;0
2003 38 3;889;024033811127;6;1;0;0;0;0;0;0;0;0;0;0;0;0
2003 38 3;890;024033750573;6;1;0;1;0;0;0;0;0;0;0;0;0;0
2003 38 3;891;024033821332;6;0;0;0;0;1;0;0;0;0;0;0;0;0
2003 38 3;892;024033720702;6;1;0;1;0;0;0;0;0;1;0;0;0;0
2003 38 3;893;024033730234;6;1;0;1;0;0;0;0;0;0;1;1;0;0
2003 38 3;894;024033821322;6;0;0;0;1;0;0;0;0;0;0;0;0;0
2003 38 3;895;024033531408;9;1;0;1;0;0;0;0;0;1;0;0;1;0
2003 38 3;896;024033750017;5;1;0;1;0;0;0;0;0;0;0;0;0;0
2003 38 3;897;024033811300;9;0;0;0;0;1;0;0;0;0;0;0;0;0
2003 38 3;898;024033720281;9;1;0;1;0;0;0;0;0;1;0;0;0;0
2003 38 3;899;024033811022;9;0;1;1;0;0;0;0;0;0;0;0;0;0
2003 38 3;900;024033810207;4;1;0;0;0;0;1;0;0;0;0;0;1;0
2003 38 3;901;024033650526;6;1;0;1;0;0;0;1;0;1;0;1;0;1
2003 38 3;902;024033821340;6;0;0;0;0;1;0;0;0;0;0;0;0;0
2003 38 3;903;024033810730;6;1;0;0;0;0;0;0;0;0;1;0;0;0
2003 38 3;904;024033821285;6;0;0;0;1;0;0;0;0;0;0;0;1;0
2003 38 3;905;024033720703;11;1;0;1;0;0;0;0;0;1;0;0;0;0
2003 38 3;906;024033750330;11;1;0;1;0;0;0;0;0;0;0;0;0;0
2003 38 3;907;024033810661;11;0;0;0;0;1;0;0;0;0;0;0;0;0
2003 38 3;908;024033750591;11;1;0;1;0;0;0;0;0;0;0;0;0;0
2003 38 3;909;024033720554;11;1;0;1;0;0;0;0;0;1;0;0;0;0
2003 38 3;910;024033821202;6;0;0;0;1;0;0;0;0;0;0;0;1;0
2003 38 3;911;024033730229;6;1;0;1;0;0;0;0;0;0;1;1;0;0
2003 38 3;912;024033811411;3;0;0;0;0;1;0;0;0;0;0;0;0;0
2003 38 3;913;024033720012;3;1;0;1;0;0;0;0;0;1;0;0;0;0
2003 38 3;914;024033810228;7;1;0;0;0;0;1;0;0;0;0;0;0;0
2003 38 3;915;024033810297;7;0;1;1;0;0;0;0;0;0;0;0;0;0
2003 38 3;916;024033750459;7;1;0;1;0;0;0;0;0;0;0;0;0;0
2003 38 3;917;024033811312;6;0;0;0;0;1;0;0;0;0;0;0;0;0
2003 38 3;918;024033720601;6;1;0;1;0;0;0;0;0;1;0;0;0;0
2003 38 3;919;024033821315;6;0;0;0;1;0;0;0;0;0;0;0;0;0
2003 38 3;920;024033730226;6;1;0;1;0;0;0;0;0;0;1;1;0;0
2003 38 3;921;024033811113;6;1;0;0;0;0;0;0;0;0;0;0;0;0
2003 38 3;922;024033811313;6;0;0;0;0;1;0;0;0;0;0;0;0;0
2003 38 3;923;024033750306;4;1;0;1;0;0;0;0;0;0;0;0;0;0
2003 38 3;924;024033720445;4;1;0;1;0;0;0;0;0;1;0;0;0;0
2003 38 3;925;024033820135;2;0;0;0;1;0;0;0;0;0;0;0;1;0
2003 38 3;926;024033730228;6;1;0;1;0;0;0;0;0;0;1;1;0;0
2003 38 3;927;024033720570;6;1;0;1;0;0;0;0;0;1;0;0;0;0
2003 38 3;928;024033811184;9;0;0;0;0;1;0;0;0;0;0;0;0;0
2003 38 3;929;024033740641;7;1;0;1;0;0;0;0;0;0;0;0;0;0
2003 38 3;930;024033810683;7;1;0;0;0;0;1;0;0;0;0;0;0;0
2003 38 3;931;024033810008;7;0;1;1;0;0;0;0;0;0;0;0;0;0
2003 38 3;932;024033720469;5;1;0;1;0;0;0;0;0;1;0;0;0;0
2003 38 3;933;024033730398;6;1;0;0;0;0;0;1;0;0;0;0;0;1
2003 38 3;934;024033810677;6;0;0;0;0;1;0;0;0;0;0;0;0;0
2003 38 3;935;024033730211;6;1;0;1;0;0;0;0;0;0;1;1;0;0
2003 38 3;936;024033720182;9;1;0;1;0;0;0;0;0;1;0;0;0;0
2003 38 3;937;024033720032;9;0;0;0;1;0;0;0;1;0;0;0;0;0
2003 38 3;938;024033630555;7;1;0;1;0;0;0;0;0;0;0;0;0;0
2003 38 3;939;024033531402;7;0;0;1;0;1;0;0;0;0;0;0;0;0
2003 38 3;940;024033810700;4;1;0;0;0;0;1;0;0;0;0;0;0;0
2003 38 3;941;024033730391;4;1;0;1;0;0;0;0;0;1;0;0;0;0
2003 38 3;942;024033730208;6;1;0;1;0;0;0;0;0;0;1;1;0;0
2003 38 3;943;024033811171;6;0;0;0;1;0;0;0;0;0;0;0;0;0
2003 38 3;944;024033810603;7;0;0;1;0;1;0;0;0;0;0;0;1;0
2003 38 3;945;024033720231;9;1;0;1;0;0;0;0;0;1;0;0;0;0
2003 38 3;946;024033811016;9;1;0;0;0;0;0;0;0;0;0;0;0;0
2003 38 3;947;024033810242;9;0;1;1;0;0;0;0;0;0;0;0;0;0
2003 38 3;948;024033720211;9;1;0;1;0;0;0;0;0;1;0;0;0;0
2003 38 3;949;024033821329;8;0;0;0;0;1;0;0;0;0;0;0;0;0
2003 38 3;950;024033730179;8;1;0;1;0;0;0;0;0;0;1;1;0;0
2003 38 3;951;024033810512;3;0;0;1;1;0;0;0;0;0;0;0;0;0
2003 38 3;952;024033811095;4;1;0;0;0;0;0;0;0;0;0;0;0;0
2003 38 3;953;024033720510;9;1;0;1;0;0;0;0;0;1;0;0;0;0
2003 38 3;954;024033821233;9;0;0;1;0;1;0;0;0;0;0;0;0;0
2003 38 3;955;024033810044;6;1;0;0;0;0;0;0;0;0;0;0;1;0
2003 38 3;956;024033750168;6;1;0;1;0;0;0;0;0;0;1;0;0;0
2003 38 3;957;024033810144;7;0;0;1;1;0;0;0;0;0;0;0;0;0
2003 38 3;958;024033811270;7;1;0;0;0;0;0;0;0;0;0;0;0;0
2003 38 3;959;024033531487;7;1;0;1;0;0;0;0;0;1;0;0;1;0
2003 38 3;960;024033750589;7;1;0;1;0;0;0;0;0;0;0;0;0;0
2003 38 3;961;024033811389;7;0;0;0;0;1;0;0;0;0;0;0;0;0
2003 38 3;962;024033531503;11;1;0;1;0;0;0;0;0;1;0;0;1;0
2003 38 3;963;024033730139;11;1;0;1;0;0;0;1;0;0;1;1;0;1
2003 38 3;964;024033810549;6;0;0;0;1;0;0;0;0;0;0;0;0;0
2003 38 3;965;024033730092;6;1;0;1;0;0;0;0;1;0;0;0;0;0
2003 38 3;966;024033720226;6;1;0;1;0;0;0;0;0;1;0;0;0;0
2003 38 3;967;024033821253;7;0;0;0;0;1;0;0;0;0;0;0;0;0
2003 38 3;968;024033750483;7;1;0;1;0;0;0;0;0;0;0;0;0;0
2003 38 3;969;024033720172;11;1;0;1;0;0;0;0;0;1;0;0;0;0
2003 38 3;970;024033810123;11;0;0;0;1;0;1;0;0;0;0;0;1;0
2003 38 3;971;024033730127;11;1;0;1;0;0;0;0;0;0;1;1;0;0
2003 38 3;972;024033720354;9;1;0;1;0;0;0;0;0;1;0;0;0;0
2003 38 3;973;024033810560;1;0;0;0;0;1;0;0;0;0;0;0;0;0
2003 38 3;974;024033750587;1;1;0;1;0;0;0;0;0;0;0;0;0;0
2003 38 3;975;024033720638;1;1;0;1;0;0;0;0;0;1;0;0;0;0
2003 38 3;976;024033821069;7;0;0;0;0;1;0;0;0;0;0;0;0;0
2003 38 3;977;024033750843;10;1;0;1;0;0;0;0;0;0;0;0;0;0
2003 38 3;978;024033820109;10;0;0;0;1;0;0;0;0;0;0;0;1;0
2003 38 3;979;024033720422;10;1;0;1;0;0;0;1;0;0;1;1;0;1
2003 38 3;980;024033720458;3;1;0;1;0;0;0;0;0;1;0;0;0;0
2003 38 3;981;024033811318;3;0;0;0;0;1;0;0;0;0;0;0;0;0
2003 38 3;982;024033750037;6;1;0;1;0;0;0;0;0;0;0;0;0;0
2003 38 3;983;024033720270;6;1;0;1;0;0;0;0;0;1;0;0;0;0
2003 38 3;984;024033820097;6;0;0;0;1;0;0;0;0;0;0;0;1;0
2003 38 3;985;024033750554;6;1;0;1;0;0;0;0;0;0;0;0;0;0
2003 38 3;986;024033720200;8;1;0;1;0;0;0;0;0;1;0;0;0;0
2003 38 3;987;024033811183;8;0;0;0;0;1;0;0;0;0;0;0;0;0
2003 38 3;988;024033730178;8;1;0;1;0;0;0;0;0;0;1;1;0;0
2003 38 3;989;024033720244;1;1;0;1;0;0;0;0;0;1;0;0;0;0
2003 38 3;990;024033820398;6;0;0;0;1;0;1;0;0;0;0;0;0;0
2003 38 3;991;024033810163;7;0;1;1;0;0;0;0;0;0;0;0;0;0
2003 38 3;992;024033750509;7;1;0;1;0;0;0;0;0;0;0;0;0;0
2003 38 3;993;024033810641;8;0;0;0;0;1;0;0;0;0;0;0;0;0
2003 38 3;994;024033720248;8;1;0;1;0;0;0;0;0;1;0;0;0;0
2003 38 3;995;024033730183;8;1;0;1;0;0;0;0;0;0;1;1;0;0
2003 38 3;996;024033811341;8;0;0;0;1;0;0;0;0;0;0;0;0;0
2003 38 3;997;024033730292;8;1;0;1;0;0;0;1;0;1;0;0;0;1
2003 38 3;998;024033630450;8;1;0;0;0;0;0;0;0;0;0;0;1;0
2003 38 3;999;024033811242;3;0;0;1;0;1;0;0;0;0;0;0;0;0
2003 38 3;1000;024033720192;3;1;0;1;0;0;0;0;0;1;0;0;0;0
2003 38 3;1001;024033820134;6;0;0;0;1;0;0;0;0;0;0;0;1;0
2003 38 3;1002;024033750549;6;1;0;1;0;0;0;0;0;0;0;0;0;0
2003 38 3;1003;024033730224;6;1;0;1;0;0;0;0;0;0;1;1;0;0
2003 38 3;1004;024033810668;11;0;0;0;0;1;0;0;0;0;0;0;0;0
2003 38 3;1005;024033720227;11;1;0;1;0;0;0;0;0;1;0;0;0;0
2003 38 3;1006;024033750018;4;1;0;1;0;0;0;0;0;0;0;0;0;0
2003 38 3;1007;024033820657;4;0;0;0;1;0;0;0;0;0;0;0;0;0
2003 38 3;1008;024033531486;7;1;0;1;0;0;0;0;0;1;0;0;1;0
2003 38 3;1009;024032531294;7;0;0;1;0;1;0;0;0;0;0;0;0;0
2003 38 3;1010;024033811121;7;1;0;0;0;0;0;0;0;0;0;0;0;0
2003 38 3;1011;024033810106;7;0;1;1;0;0;0;0;0;0;0;0;0;0
2003 38 3;1012;024033730151;6;1;0;1;0;0;0;1;0;0;1;1;0;1
2003 38 3;1013;024033820375;6;0;0;0;1;0;0;0;0;0;0;0;0;0
2003 38 3;1014;024033720282;6;1;0;1;0;0;0;0;0;1;0;0;0;0
2003 38 3;1015;024033740707;6;1;0;1;0;0;0;0;0;0;0;0;0;0
2003 38 3;1016;024033811366;3;0;0;0;0;1;0;1;0;0;0;0;0;0
2003 38 3;1017;024033720524;3;1;0;1;0;0;0;0;0;1;0;0;0;0
2003 38 3;1018;024033750171;8;1;0;1;0;0;0;0;0;0;1;0;0;0
2003 38 3;1019;024033820141;6;0;0;0;1;0;0;0;0;0;0;0;1;0
2003 38 3;1020;024033720561;6;1;0;1;0;0;0;0;0;1;0;0;0;0
2003 38 3;1021;024033811160;10;1;0;0;0;0;0;0;0;0;0;0;0;0
2003 38 3;1022;024033710166;10;1;0;0;0;0;0;0;0;0;0;1;1;0
2003 38 3;1023;024033720652;9;1;0;1;0;0;0;0;0;1;0;0;0;0
2003 38 3;1024;024033750399;9;1;0;1;0;0;0;0;0;0;0;0;0;0
2003 38 3;1025;024033811369;9;0;0;0;0;1;0;1;0;0;0;0;0;0
2003 38 3;1026;024033720319;9;1;0;1;0;0;0;0;0;1;0;0;0;0
2003 38 3;1027;024033810917;6;1;0;0;0;0;0;0;0;0;0;0;0;0
2003 38 3;1028;024033810102;6;0;0;1;1;0;0;0;0;0;0;0;0;0
2003 38 3;1029;024033720447;8;1;0;1;0;0;0;1;0;0;1;1;0;1
2003 38 3;1030;024033810546;8;0;0;0;0;1;0;0;0;0;0;0;0;0
2003 38 3;1031;024033720228;8;1;0;1;0;0;0;0;0;1;0;0;0;0
2003 38 3;1032;024033810298;7;0;1;1;0;0;0;0;0;0;0;0;0;0
2003 38 3;1033;024033810685;7;1;0;0;0;0;1;0;0;0;0;0;0;0
2003 38 3;1034;024033720212;7;1;0;1;0;0;0;0;0;1;0;0;0;0
2003 38 3;1035;024033810628;7;0;0;1;0;1;0;0;0;0;0;0;1;0
2003 38 3;1036;024033720607;6;1;0;0;0;0;0;1;0;0;0;0;0;0
2003 38 3;1037;024033730203;6;1;0;1;0;0;0;0;0;0;1;1;0;0
2003 38 3;1038;024033820716;6;0;0;0;1;0;0;0;0;0;0;0;0;0
2003 38 3;1039;024033750890;6;1;0;1;0;0;0;0;0;0;0;0;0;0
2003 38 3;1040;024033531500;6;1;0;1;0;0;0;0;0;1;0;0;1;0
2003 38 3;1041;024033811277;11;1;0;0;0;0;0;0;0;0;0;0;0;0
2003 38 3;1042;024033820771;11;0;0;1;0;1;0;0;0;0;0;0;0;0
2003 38 3;1043;024033720353;11;1;0;1;0;0;0;0;0;1;0;0;0;0
2003 38 3;1044;024033811109;6;1;0;0;0;0;0;0;0;0;0;0;0;0
2003 38 3;1045;024033820356;6;0;0;1;1;0;0;0;0;0;0;0;0;0
2003 38 3;1046;024033730202;6;1;0;1;0;0;0;0;0;0;1;1;0;0
2003 38 3;1047;024033821072;9;0;0;0;0;1;0;0;0;0;0;0;0;0
2003 38 3;1048;024033810010;9;0;1;1;0;0;0;0;0;0;0;0;0;0
2003 38 3;1049;024033730715;9;1;0;1;0;0;0;0;0;1;0;0;0;0
2003 38 3;1050;024033810037;9;1;0;0;0;0;0;0;0;0;0;0;1;0
2003 38 3;1051;024033821067;9;0;0;1;0;1;0;0;0;0;0;0;0;0
2003 38 3;1052;024033730091;9;1;0;1;0;0;0;0;0;1;0;0;0;0
2003 38 3;1053;024033820102;9;0;0;0;1;0;0;0;0;0;0;0;1;0
2003 38 3;1054;024033750476;1;1;0;1;0;0;0;0;0;0;0;0;0;0
2003 38 3;1055;024033630829;1;1;0;1;0;0;0;0;1;1;0;1;0;0
2003 38 3;1056;024033810672;1;0;0;0;0;1;0;0;0;0;0;0;0;0
2003 38 3;1057;024033750142;1;1;0;1;0;0;0;0;0;0;1;0;0;0
2003 38 3;1058;024033720582;1;1;0;1;0;0;0;0;0;1;0;0;0;0
2003 38 3;1059;024024502369;9;0;0;0;1;0;0;0;0;0;0;0;1;0
2003 38 3;1060;024033750400;9;1;0;1;0;0;0;0;0;0;0;0;0;0
2003 38 3;1061;024033640409;9;1;0;1;0;0;0;1;1;0;0;0;0;1
2003 38 3;1062;024033810848;8;0;0;0;0;1;0;0;0;0;0;0;0;0
2003 38 3;1063;024033730171;8;1;0;1;0;0;0;0;0;0;1;1;0;0
2003 38 3;1064;024033720179;8;1;0;1;0;0;0;0;0;1;0;0;0;0
2003 38 3;1065;024033810502;2;0;0;0;1;0;0;0;0;0;0;0;0;0
2003 38 3;1066;024033810963;2;1;0;0;0;0;0;0;0;0;0;0;0;0
2003 38 3;1067;024033720393;5;1;0;1;0;0;0;0;0;1;0;0;0;0
2003 38 3;1068;024033811327;2;0;0;0;0;1;0;1;0;0;0;0;0;0
2003 38 3;1069;024033750028;5;1;0;1;0;0;0;0;0;0;0;0;0;0
2003 38 3;1070;024033720715;6;1;0;1;0;0;0;0;0;1;0;0;0;0
2003 38 3;1071;024033820117;6;0;0;0;1;0;0;0;0;0;0;0;1;0
2003 38 3;1072;024033730212;6;1;0;1;0;0;0;0;0;0;1;1;0;0
2003 38 3;1073;024033720741;6;1;0;1;0;0;0;0;0;1;0;0;0;0
2003 38 3;1074;024033811145;2;1;0;0;0;0;0;1;0;0;0;0;0;0
2003 38 3;1075;024033821025;8;0;0;1;0;1;0;0;0;0;0;0;0;0
2003 38 3;1076;024033720581;8;1;0;1;0;0;0;0;0;1;0;0;0;0
2003 38 3;1077;024033820112;6;0;0;0;1;0;0;0;0;0;0;0;1;0
2003 38 3;1078;024033730210;6;1;0;1;0;0;0;0;0;0;1;1;0;0
2003 38 3;1079;024033750280;6;1;0;1;0;0;0;0;0;0;0;0;0;0
2003 38 3;1080;024033810858;6;0;0;0;0;1;0;0;0;0;0;0;0;0
2003 38 3;1081;024033720661;5;1;0;1;0;0;0;0;0;1;0;0;0;0
2003 38 3;1082;024033810154;5;0;1;1;0;0;0;0;0;0;0;0;0;0
2003 38 3;1083;024033810193;8;1;0;0;0;0;1;0;0;0;0;0;1;0
2003 38 3;1084;024033720232;8;1;0;1;0;0;0;0;0;1;0;0;0;0
2003 38 3;1085;024033811315;8;0;0;1;0;1;0;1;0;0;0;0;0;1
2003 38 3;1086;024033811158;12;1;0;0;0;0;0;0;0;0;0;0;0;0
2003 38 3;1087;024033730258;12;1;0;1;0;0;0;0;0;0;1;1;0;0
2003 38 3;1088;024033810017;7;0;0;1;1;0;0;0;0;0;0;0;0;0
2003 38 3;1089;024033810033;8;1;0;0;0;0;0;0;0;0;0;0;1;0
2003 38 3;1090;024033720733;8;1;0;1;0;0;0;0;0;1;0;0;0;0
2003 38 3;1091;024033821290;8;0;0;0;0;1;0;0;0;0;0;0;0;0
2003 38 3;1092;024033750833;8;1;0;1;0;0;0;0;0;0;0;0;0;0
2003 38 3;1093;024033811083;8;1;0;0;0;0;0;0;0;0;0;0;0;0
2003 38 3;1094;024033710389;8;0;0;1;1;0;0;0;1;1;0;0;0;0
2003 38 3;1095;024033730176;8;1;0;1;0;0;0;0;0;0;1;1;0;0
2003 38 3;1096;024033811074;8;1;0;0;0;0;0;0;0;0;0;0;0;0
2003 38 3;1097;024033820753;8;0;0;1;0;1;0;0;0;0;0;0;0;0
2003 38 3;1098;024033720181;8;1;0;1;0;0;0;0;0;1;0;0;0;0
2003 38 3;1099;024033810208;4;1;0;0;0;0;1;0;0;0;0;0;1;0
2003 38 3;1100;024033810296;7;0;1;1;0;0;0;0;0;0;0;0;0;0
2003 38 3;1101;024033720425;1;1;0;1;0;0;0;1;0;0;1;1;0;1
2003 38 3;1102;024033811279;1;1;0;0;0;0;0;0;0;0;0;0;0;0
2003 38 3;1103;024033821077;3;0;0;1;0;1;0;0;0;0;0;0;0;0
2003 38 3;1104;024033650133;3;1;0;1;0;0;0;0;1;1;0;0;0;0
2003 38 3;1105;024033810109;3;0;0;0;1;0;0;0;0;0;0;0;0;0
2003 38 3;1106;024033750155;3;1;0;1;0;0;0;0;0;0;0;0;0;0
2003 38 3;1107;024033720178;8;1;0;1;0;0;0;0;0;1;0;0;0;0
2003 38 3;1108;024033821291;8;0;0;0;0;1;0;0;0;0;0;0;0;0
2003 38 3;1109;024033730182;8;1;0;1;0;0;0;0;0;0;1;1;0;0
2003 38 3;1110;024033720180;8;1;0;1;0;0;0;0;0;1;0;0;0;0
2003 38 3;1111;024033810684;7;1;0;0;0;0;1;0;0;0;0;0;0;0
2003 38 3;1112;024033750603;7;1;0;1;0;0;0;0;0;0;0;0;0;0
2003 38 3;1113;024033810581;7;0;0;1;0;1;0;0;0;0;0;0;1;0
2003 38 3;1114;024033811169;8;1;0;0;0;0;0;0;0;0;0;0;0;0
2003 38 3;1115;024033720207;8;1;0;1;0;0;0;0;0;1;0;0;0;0
2003 38 3;1116;024033820367;7;0;0;1;1;0;0;0;0;0;0;0;0;0
2003 38 3;1117;024033810062;10;1;0;0;0;0;0;0;0;0;0;0;1;0
2003 38 3;1118;024033720498;10;1;0;1;0;0;0;1;0;0;1;1;0;1
2003 38 3;1119;024033821287;3;0;0;0;0;1;0;0;0;0;0;0;0;0
2003 38 3;1120;024033720685;3;1;0;1;0;0;0;0;0;1;0;0;0;0
2003 38 3;1121;024033811299;11;1;0;0;0;0;0;0;0;0;0;0;0;0
2003 38 3;1122;024033810518;11;0;0;0;1;0;0;0;0;0;0;0;0;0
2003 38 3;1123;024033720240;11;1;0;1;0;0;0;0;0;1;0;0;0;0
2003 38 3;1124;024033730128;11;1;0;1;0;0;0;0;0;0;1;1;0;0
2003 38 3;1125;024033821337;11;0;0;0;0;1;0;0;0;0;0;0;0;0
2003 38 3;1126;024033720235;11;1;0;1;0;0;0;0;0;1;0;0;0;0
2003 38 3;1127;024033810221;7;0;1;1;0;0;0;0;0;0;0;0;0;0
2003 38 3;1128;024033811348;11;1;0;0;0;0;0;1;0;0;0;0;0;0
2003 38 3;1129;024033720370;11;1;0;1;0;0;0;0;0;1;0;0;0;0
2003 38 3;1130;024033811401;11;0;0;0;0;1;0;0;0;0;0;0;0;0
2003 38 3;1131;024033630456;11;1;0;0;0;0;0;0;0;0;0;1;1;0
2003 38 3;1132;024033610627;1;0;0;1;1;0;0;0;0;1;0;0;0;0
2003 38 3;1133;024033750146;1;1;0;1;0;0;0;0;0;0;1;0;0;0
2003 38 3;1134;024033811231;1;1;0;0;0;0;0;1;0;0;0;0;0;1
2003 38 3;1135;024033810626;7;0;0;1;0;1;0;0;0;0;0;0;1;0
2003 38 3;1136;024033720695;11;1;0;1;0;0;0;0;0;1;0;0;0;0
2003 38 3;1137;024033811020;2;1;0;0;0;0;0;0;0;0;0;0;0;0
2003 38 3;1138;024033820138;2;0;0;0;1;0;0;0;0;0;0;0;1;0
2003 38 3;1139;024033730490;11;1;0;1;0;0;0;0;0;1;0;0;0;0
2003 38 3;1140;024033730246;11;1;0;1;0;0;0;0;0;0;1;1;0;0
2003 38 3;1141;024033811191;6;0;0;0;0;1;0;0;0;0;0;0;0;0
2003 38 3;1142;024033720264;1;1;0;1;0;0;0;0;0;1;0;0;0;0
2003 38 3;1143;024033811206;1;1;0;0;0;0;0;0;0;0;0;0;0;0
2003 38 3;1144;024033810004;1;0;0;1;1;0;0;0;0;0;0;0;0;0
2003 38 3;1145;024033720280;1;1;0;1;0;0;0;0;0;1;0;0;0;0
2003 38 3;1146;024033810752;10;1;0;0;0;0;0;0;0;0;1;0;0;0
2003 38 3;1147;024033810602;7;0;0;1;0;1;0;0;0;0;0;0;1;0
2003 38 3;1148;024033650267;10;1;0;0;0;0;0;0;0;0;0;1;0;0
2003 38 3;1149;024033720572;5;1;0;1;0;0;0;0;0;1;0;0;0;0
2003 38 3;1150;024033810217;5;0;1;1;0;0;0;0;0;0;0;0;0;0
2003 38 3;1151;024033810227;7;1;0;0;0;0;1;0;0;0;0;0;0;0
2003 38 3;1152;024033810599;7;0;0;1;0;1;0;0;0;0;0;0;1;0
2003 38 3;1153;024033730672;11;1;0;1;0;0;0;0;0;1;0;0;0;0
2003 38 3;1154;024033820714;11;0;0;0;1;0;0;0;0;0;0;0;0;0
2003 38 3;1155;024033730243;11;1;0;1;0;0;0;0;0;0;1;1;0;0
2003 38 3;1156;024033730508;11;1;0;1;0;0;0;0;0;1;0;0;0;0
2003 38 3;1157;024033821070;11;0;0;0;0;1;0;0;0;0;0;0;0;0
2003 38 3;1158;024033750205;11;1;0;1;0;0;0;0;0;0;0;0;0;0
2003 38 3;1159;024033531419;11;1;0;1;0;0;0;0;0;1;0;0;1;0
2003 38 3;1160;024033820715;6;0;0;0;1;0;0;0;0;0;0;0;0;0
2003 38 3;1161;024033730225;6;1;0;1;0;0;0;0;0;0;1;1;0;0
2003 38 3;1162;024033810170;2;1;0;0;0;0;1;0;0;0;0;0;1;0
2003 38 3;1163;024033811317;2;0;0;0;0;1;0;1;0;0;0;0;0;0
2003 38 3;1164;024033730640;2;1;0;1;0;0;0;0;0;1;0;0;0;0
2003 38 3;1165;024033820592;2;0;0;0;1;0;0;0;0;0;0;0;0;0
2003 38 3;1166;024033531433;4;1;0;1;0;0;0;0;0;1;0;0;1;0
2003 38 3;1167;024033720462;4;1;0;1;0;0;0;1;0;0;1;1;0;1
2003 38 3;1168;024033810875;2;0;0;0;0;1;0;0;0;0;0;0;0;0
2003 38 3;1169;024033811111;2;1;0;0;0;0;0;0;0;0;0;0;0;0
2003 38 3;1170;024033810157;7;0;1;1;0;0;0;0;0;0;0;0;0;0
2003 38 3;1171;024033730760;3;1;0;1;0;0;0;0;0;1;0;0;0;0
2003 38 3;1172;024033810740;6;1;0;0;0;0;0;0;0;0;1;0;0;0
2003 38 3;1173;024033820640;6;0;0;0;1;0;0;0;0;0;0;0;0;0
2003 38 3;1174;024033750500;6;1;0;1;0;0;0;0;0;0;0;0;0;0
2003 38 3;1175;024033531442;8;1;0;1;0;0;0;0;0;1;0;0;1;0
2003 38 3;1176;024033821275;8;0;0;0;0;1;0;0;0;0;0;0;0;0
2003 38 3;1177;024033730181;8;1;0;1;0;0;0;0;0;0;1;1;0;0
2003 38 3;1178;024033730302;8;1;0;1;0;0;0;0;0;1;0;0;0;0
2003 38 3;1179;024033810459;8;0;0;0;1;0;0;0;0;0;0;0;0;0
2003 38 3;1180;024033750504;8;1;0;1;0;0;0;0;0;0;0;0;0;0
2003 38 3;1181;024033820659;8;0;0;1;0;1;0;0;0;0;0;0;0;0
2003 38 3;1182;024033810029;8;1;0;0;0;0;0;0;0;0;0;0;1;0
2003 38 3;1183;024033810681;11;1;0;0;0;0;1;0;0;0;0;0;0;0
2003 38 3;1184;024033750176;11;1;0;1;0;0;0;0;0;0;1;0;0;0
2003 38 3;1185;024033730072;11;1;0;1;0;0;0;0;0;1;0;0;0;0
2003 38 3;1186;024033821273;8;0;0;0;0;1;0;0;0;0;0;0;0;0
2003 38 3;1187;024033750208;8;1;0;1;0;0;0;0;0;0;0;0;0;0
2003 38 3;1188;024033810539;8;0;0;0;1;0;0;0;0;0;0;0;0;0
2003 38 3;1189;024033531493;8;1;0;1;0;0;0;0;0;1;0;0;1;0
2003 38 3;1190;024033710191;8;1;0;1;0;0;0;1;0;0;1;1;0;1
2003 38 3;1191;024033821302;8;0;0;0;0;1;0;0;0;0;0;0;0;0
2003 38 3;1192;024033730300;8;1;0;1;0;0;0;0;0;1;0;0;0;0
2003 38 3;1193;024033810190;8;1;0;0;0;0;1;0;0;0;0;0;1;0
2003 38 3;1194;024033810129;7;0;1;1;0;0;0;0;0;0;0;0;0;0
2003 38 3;1195;024033730758;6;1;0;1;0;0;0;0;0;1;0;0;0;0
2003 38 3;1196;024033810710;6;1;0;0;0;0;0;0;0;0;1;0;0;0
2003 38 3;1197;024033830663;6;0;0;1;0;1;0;0;0;0;0;0;0;0
2003 38 3;1198;024033730540;6;1;0;1;0;0;0;0;0;1;0;0;0;0
2003 38 3;1199;024033820490;6;0;0;0;1;0;0;0;0;0;0;0;0;0
2003 38 3;1200;024033750217;6;1;0;1;0;0;0;0;0;0;0;0;0;0
2003 38 3;1201;024033730299;8;1;0;1;0;0;0;0;0;1;0;0;0;0
2003 38 3;1202;024033821071;8;0;0;0;0;1;0;0;0;0;0;0;0;0
2003 38 3;1203;024033730170;8;1;0;1;0;0;0;0;0;0;1;1;0;0
2003 38 3;1204;024033531488;8;1;0;1;0;0;0;0;0;1;0;0;1;0
2003 38 3;1205;024033820369;8;0;0;0;1;0;0;0;0;0;0;0;0;0
2003 38 3;1206;024033811322;8;0;0;1;0;1;0;1;0;0;0;0;0;0
2003 38 3;1207;024033750240;8;1;0;1;0;0;0;0;0;0;0;0;0;0
2003 38 3;1208;024033810034;8;1;0;0;0;0;0;0;0;0;0;0;1;0
2003 38 3;1209;024033730503;8;1;0;1;0;0;0;0;0;1;0;0;0;0
2003 38 3;1210;024033821076;8;0;0;0;0;1;0;0;0;0;0;0;0;0
2003 38 3;1211;024033730236;1;1;0;1;0;0;0;0;0;0;1;1;0;0
2003 38 3;1212;024033730154;2;0;0;1;1;0;0;0;1;1;0;0;0;0
2003 38 3;1213;024033811287;2;1;0;0;0;0;0;0;0;0;0;0;0;0
2003 38 3;1214;024033810007;7;0;1;1;0;0;0;0;0;0;0;0;0;0
2003 38 3;1215;024033720664;7;1;0;1;0;0;0;0;0;1;0;0;0;0
2003 38 3;1216;024033810733;6;1;0;0;0;0;0;0;0;0;1;0;0;0
2003 38 3;1217;024033821293;6;0;0;0;0;1;0;0;0;0;0;0;0;0
2003 38 3;1218;024033730470;6;1;0;1;0;0;0;0;0;1;0;0;0;0
2003 38 3;1219;024033650177;6;1;0;1;0;0;0;1;1;0;0;1;0;1
2003 38 3;1220;024033820091;6;0;0;0;1;0;0;0;0;0;0;0;1;0
2003 38 3;1221;024033811073;6;1;0;0;0;0;0;0;0;0;0;0;0;0
2003 38 3;1222;024033750169;6;1;0;1;0;0;0;0;0;0;1;0;0;0
2003 38 3;1223;024033531502;11;1;0;1;0;0;0;0;0;1;0;0;1;0
2003 38 3;1224;024034020222;11;0;0;0;0;1;0;0;0;0;0;0;0;0
2003 38 3;1225;024033750597;11;1;0;1;0;0;0;0;0;0;0;0;0;0
2003 38 3;1226;024033730761;9;1;0;1;0;0;0;0;0;1;0;0;0;0
2003 38 3;1227;024033720087;9;0;0;0;1;0;1;0;1;0;0;1;0;0
2003 38 3;1228;024033810732;6;1;0;0;0;0;0;0;0;0;1;0;0;0
2003 38 3;1229;024033750232;2;1;0;1;0;0;0;0;0;0;0;0;0;0
2003 38 3;1230;024033821295;2;0;0;0;0;1;0;0;0;0;0;0;0;0
2003 38 3;1231;024033531423;2;1;0;1;0;0;0;0;0;1;0;0;1;0
2003 38 3;1232;024033810991;2;1;0;0;0;0;0;0;0;0;0;0;0;0
2003 38 3;1233;024033810134;7;0;1;1;0;0;0;0;0;0;0;0;0;0
2003 38 3;1234;024033640072;6;1;0;1;0;0;0;0;1;1;0;1;0;0
2003 38 3;1235;024033821279;6;0;0;0;0;1;0;0;0;0;0;0;0;0
2003 38 3;1236;024033750167;6;1;0;1;0;0;0;0;0;0;1;0;0;0
2003 38 3;1237;024033820598;6;0;0;1;1;0;0;0;0;0;0;0;0;0
2003 38 3;1238;024033811110;6;1;0;0;0;0;0;0;0;0;0;0;0;0
2003 38 3;1239;024033730341;6;1;0;1;0;0;0;0;0;1;0;0;0;0
2003 38 3;1240;024033810601;7;0;0;1;0;1;0;0;0;0;0;0;1;0
2003 38 3;1241;024033811204;10;1;0;0;0;0;0;0;0;0;0;0;0;0
2003 38 3;1242;024033720409;10;1;0;1;0;0;0;1;0;0;1;1;0;1
2003 38 3;1243;024033821257;10;0;0;1;1;0;0;0;0;0;0;0;1;0
2003 38 3;1244;024033811179;10;1;0;0;0;0;0;0;0;0;0;0;0;0
2003 38 3;1245;024033750606;7;1;0;1;0;0;0;0;0;0;0;0;0;0
2003 38 3;1246;024033810606;7;0;0;1;0;1;0;0;0;0;0;0;1;0
2003 38 3;1247;024033811112;11;1;0;0;0;0;0;0;0;0;0;0;0;0
2003 38 3;1248;024033750174;11;1;0;1;0;0;0;0;0;0;1;0;0;0
2003 38 3;1249;024033810225;11;0;1;1;0;0;0;0;0;0;0;0;0;0
2003 38 3;1250;024033811200;11;1;0;0;0;0;0;0;0;0;0;0;0;0
2003 38 3;1251;024033730759;11;1;0;1;0;0;0;0;0;1;0;0;0;0
2003 38 3;1252;024033811033;11;1;0;0;0;0;0;0;0;0;0;0;0;0
2003 38 3;1253;024033811336;11;0;0;0;0;1;0;1;0;0;0;0;0;0
2003 38 3;1254;024033730200;8;1;0;1;0;0;0;0;0;0;1;1;0;0
2003 38 3;1255;024033820391;8;0;0;0;1;0;0;0;0;0;0;0;0;0
2003 38 3;1256;024033730361;8;1;0;1;0;0;0;0;0;1;0;0;0;0
2003 38 3;1257;024033750202;8;1;0;1;0;0;0;0;0;0;0;0;0;0
2003 38 3;1258;024033821029;8;0;0;0;0;1;0;0;0;0;0;0;0;0
2003 38 3;1259;024033531430;4;1;0;1;0;0;0;0;0;1;0;0;1;0
2003 38 3;1260;024033730253;4;1;0;1;0;0;0;0;0;0;1;1;0;0

