Date;SeqRank;Ident;Paint Color;HPRC1;HPRC2;HPRC3;HPRC4;HPRC5;HPRC6;HPRC7;LPRC1;LPRC2
2003 38 1;847;064033840826;1;0;1;0;0;1;0;0;0;0
2003 38 1;848;064033820823;1;0;0;0;0;0;0;1;0;1
2003 38 1;849;064033820705;1;0;0;0;0;0;0;1;0;1
2003 38 1;850;064033910677;1;0;0;0;0;0;0;1;0;0
2003 38 1;851;064033830611;1;0;0;0;0;1;0;0;0;1
2003 38 1;852;064033820704;1;0;0;0;0;0;0;1;0;1
2003 38 1;853;064033741142;1;1;0;1;0;0;0;1;0;0
2003 38 1;854;064033820706;1;0;0;0;0;0;0;1;0;1
2003 38 1;855;064033750695;2;0;1;0;0;1;0;0;1;0
2003 38 1;856;064033811217;2;0;0;0;0;0;0;1;0;1
2003 38 1;857;064033850282;2;0;0;0;0;1;0;0;0;1
2003 38 1;858;064033741165;2;0;0;0;0;0;0;1;0;0
2003 38 1;859;064033810775;3;0;0;0;0;0;0;1;0;1
2003 38 1;860;064033740775;3;0;0;0;0;0;0;1;0;0
2003 38 1;861;064033820778;3;0;0;0;0;0;0;1;0;1
2003 38 1;862;064033810607;4;0;0;0;0;1;0;0;0;0
2003 38 1;863;064033840788;5;0;1;0;0;1;0;0;0;1
2003 38 1;864;064033810681;5;0;0;0;0;0;0;1;0;0
2003 38 1;865;064033850050;5;0;0;0;0;1;0;0;0;1
2003 38 1;866;064033741007;5;1;0;1;0;0;0;1;0;0
2003 38 1;867;064033810637;5;0;1;0;0;1;0;0;1;0
2003 38 1;868;064033820002;5;0;0;0;0;0;0;1;0;1
2003 38 1;869;064033730187;5;0;0;0;0;1;0;0;0;0
2003 38 1;870;064033840784;5;0;1;0;0;1;0;0;0;1
2003 38 1;871;064033810682;5;0;0;0;0;0;0;1;0;0
2003 38 1;872;064033840787;5;0;1;0;0;1;0;0;0;1
2003 38 1;873;064033830610;5;0;0;1;0;1;0;0;0;1
2003 38 1;874;064033730850;5;0;0;0;0;0;0;1;0;0
2003 38 1;875;064033810644;5;0;1;0;0;1;0;0;1;0
2003 38 2;1;064033820888;1;0;0;0;0;0;0;1;0;1
2003 38 2;2;064033820985;1;0;0;0;0;0;0;1;0;1
2003 38 2;3;064033750104;1;0;0;0;0;1;0;0;0;0
2003 38 2;4;064033830785;1;0;0;0;0;0;0;1;0;1
2003 38 2;5;064033820951;1;0;0;0;0;0;0;1;0;1
2003 38 2;6;064033820886;1;1;0;0;0;0;0;1;0;1
2003 38 2;7;064033820940;1;0;0;0;0;0;0;1;0;1
2003 38 2;8;064033740506;1;0;1;0;0;0;0;1;0;1
2003 38 2;9;064033740795;1;0;0;0;0;0;0;1;0;0
2003 38 2;10;064033820889;1;0;0;0;0;0;0;1;0;1
2003 38 2;11;064033830804;1;0;0;0;0;1;0;0;0;1
2003 38 2;12;064033740752;1;0;0;0;0;0;0;1;0;0
2003 38 2;13;064033820868;1;0;0;0;0;0;0;1;0;1
2003 38 2;14;064033820893;1;0;0;0;0;0;0;1;0;1
2003 38 2;15;064033830775;1;0;0;0;0;0;0;1;0;1
2003 38 2;16;064033810649;5;0;1;0;0;1;0;0;1;0
2003 38 2;17;064033810810;5;1;0;1;0;1;0;0;0;0
2003 38 2;18;064033820923;5;0;0;0;0;0;0;1;0;1
2003 38 2;19;064033840771;5;0;1;0;0;1;0;0;0;1
2003 38 2;20;064033750048;5;0;0;0;0;1;0;0;0;0
2003 38 2;21;064033820874;5;0;0;0;0;0;0;1;0;1
2003 38 2;22;064033750052;5;0;0;0;0;1;0;0;0;0
2003 38 2;23;064033840779;5;0;1;0;0;1;0;0;0;1
2003 38 2;24;064033740858;5;0;0;0;0;0;0;1;0;0
2003 38 2;25;064033750102;5;0;0;0;0;1;0;0;0;0
2003 38 2;26;064033907070;5;0;1;0;0;1;0;0;0;0
2003 38 2;27;064033751013;5;0;0;1;0;0;0;1;0;0
2003 38 2;28;064033810648;5;0;1;0;0;1;0;0;1;0
2003 38 2;29;064033810849;5;0;0;0;0;1;0;0;0;0
2003 38 2;30;064033740824;5;0;0;0;0;0;0;1;0;0
2003 38 2;31;064033840889;6;0;0;0;0;1;0;0;0;1
2003 38 2;32;064033840874;6;0;0;0;0;1;0;0;0;1
2003 38 2;33;064033820857;6;0;0;0;0;0;0;1;0;1
2003 38 2;34;064033840863;6;0;0;0;0;1;0;0;0;1
2003 38 2;35;064033840892;6;0;0;0;0;1;0;0;0;1
2003 38 2;36;064033820862;6;0;0;0;0;0;0;1;0;1
2003 38 2;37;064033840861;6;0;0;0;0;1;0;0;0;1
2003 38 2;38;064033840862;6;0;0;0;0;1;0;0;0;1
2003 38 2;39;064033840886;6;0;0;0;0;1;0;0;0;1
2003 38 2;40;064033840884;6;0;0;0;0;1;0;0;0;1
2003 38 2;41;064033811026;6;0;1;0;0;0;0;1;0;1
2003 38 2;42;064033840878;6;0;0;0;0;1;0;0;0;1
2003 38 2;43;064033840868;6;0;0;0;0;1;0;0;0;1
2003 38 2;44;064033840902;6;0;0;0;0;1;0;0;0;1
2003 38 2;45;064033840872;6;0;0;0;0;1;0;0;0;1
2003 38 2;46;064033740870;1;1;1;0;0;0;0;1;0;0
2003 38 2;47;064033820941;1;0;0;0;0;0;0;1;0;1
2003 38 2;48;064033821000;1;0;0;0;0;0;0;1;0;1
2003 38 2;49;064033740751;1;0;0;0;0;0;0;1;0;0
2003 38 2;50;064033830780;1;0;0;0;0;1;0;0;0;1
2003 38 2;51;064033820935;1;0;0;0;0;0;0;1;0;1
2003 38 2;52;064033750875;1;0;0;0;0;0;0;1;0;0
2003 38 2;53;064033830790;1;0;0;0;0;0;0;1;0;1
2003 38 2;54;064033750675;1;0;1;0;0;0;0;1;0;1
2003 38 2;55;064033810851;1;1;0;0;0;1;0;0;0;0
2003 38 2;56;064033820943;1;0;0;0;0;0;0;1;0;1
2003 38 2;57;064033820987;1;0;0;0;0;0;0;1;0;1
2003 38 2;58;064033750933;1;0;0;0;0;0;0;1;0;0
2003 38 2;59;064033830798;1;0;0;0;0;0;0;1;0;1
2003 38 2;60;064033820993;1;0;0;0;0;0;0;1;0;1
2003 38 2;61;064033810836;5;0;0;0;0;1;0;0;0;0
2003 38 2;62;064033810647;5;0;1;0;0;1;0;0;1;0
2003 38 2;63;064033820946;5;0;0;1;0;0;0;1;0;1
2003 38 2;64;064033820878;5;0;0;0;0;0;0;1;0;1
2003 38 2;65;064033810831;5;1;0;0;0;1;0;0;0;0
2003 38 2;66;064033821007;5;0;0;0;0;0;0;1;0;1
2003 38 2;67;064033840792;5;0;1;0;0;1;0;0;0;1
2003 38 2;68;064033810785;5;0;0;0;0;1;0;0;0;0
2003 38 2;69;064033820972;5;0;0;0;0;0;0;1;0;1
2003 38 2;70;064033840769;5;0;1;0;0;1;0;0;0;1
2003 38 2;71;064033810921;5;0;0;0;0;1;0;0;0;0
2003 38 2;72;064033830789;5;0;0;0;0;0;0;1;0;1
2003 38 2;73;064033810805;5;0;0;0;0;1;0;0;0;0
2003 38 2;74;064033811019;5;0;1;0;0;1;0;0;1;0
2003 38 2;75;064033750796;5;1;0;0;0;0;0;1;0;0
2003 38 2;76;064033840869;6;0;0;0;0;1;0;0;0;1
2003 38 2;77;064033840852;6;0;0;0;0;1;0;0;0;1
2003 38 2;78;064033840854;6;0;0;0;0;1;0;0;0;1
2003 38 2;79;064033820907;6;0;0;0;0;0;0;1;0;1
2003 38 2;80;064033840883;6;0;0;0;0;1;0;0;0;1
2003 38 2;81;064033840877;6;0;0;0;0;1;0;0;0;1
2003 38 2;82;064033820856;6;0;0;0;0;0;0;1;0;1
2003 38 2;83;064033840888;6;0;0;0;0;1;0;0;0;1
2003 38 2;84;064033840853;6;0;0;0;0;1;0;0;0;1
2003 38 2;85;064033840899;6;0;0;0;0;1;0;0;0;1
2003 38 2;86;064033820887;6;0;0;0;0;0;0;1;0;1
2003 38 2;87;064033840875;6;0;0;0;0;1;0;0;0;1
2003 38 2;88;064033840890;6;0;0;0;0;1;0;0;0;1
2003 38 2;89;064033840870;6;0;0;0;0;1;0;0;0;1
2003 38 2;90;064033840880;6;0;0;0;0;1;0;0;0;1
2003 38 2;91;064033820997;1;0;0;0;0;0;0;1;0;1
2003 38 2;92;064033830770;1;0;0;0;0;0;0;1;0;1
2003 38 2;93;064033820916;1;0;0;0;0;0;0;1;0;1
2003 38 2;94;064033830796;1;0;0;0;0;0;0;1;0;1
2003 38 2;95;064033810758;1;0;1;0;0;1;0;0;0;1
2003 38 2;96;064033820984;1;0;0;0;0;0;0;1;0;1
2003 38 2;97;064033820969;1;0;0;0;0;0;0;1;0;1
2003 38 2;98;064033821003;1;0;0;0;0;0;0;1;0;1
2003 38 2;99;064033750927;1;0;0;0;0;0;0;1;0;0
2003 38 2;100;064033830792;1;0;0;0;0;1;0;0;0;1
2003 38 2;101;064033840913;1;1;0;0;0;0;0;1;0;1
2003 38 2;102;064033820968;1;0;0;0;0;0;0;1;0;1
2003 38 2;103;064033730560;1;0;0;0;0;0;0;1;0;0
2003 38 2;104;064033820897;1;0;0;0;0;0;0;1;0;1
2003 38 2;105;064033850865;1;0;0;0;0;0;0;1;0;1
2003 38 2;106;064033811035;5;0;1;0;0;1;0;0;1;0
2003 38 2;107;064033820955;5;0;0;0;0;0;0;1;0;1
2003 38 2;108;064033741127;5;0;1;0;0;0;0;1;0;0
2003 38 2;109;064033910773;5;0;0;0;0;1;0;0;0;1
2003 38 2;110;064033741125;5;1;1;0;0;0;0;1;0;0
2003 38 2;111;064033810807;5;0;0;0;0;1;0;0;0;0
2003 38 2;112;064033811034;5;0;1;0;0;1;0;0;1;0
2003 38 2;113;064033740768;5;0;0;0;0;0;0;1;0;0
2003 38 2;114;064033840781;5;0;1;0;0;1;0;0;0;1
2003 38 2;115;064033820508;5;0;0;0;0;1;0;0;0;1
2003 38 2;116;064033740886;5;0;1;0;0;0;0;1;0;0
2003 38 2;117;064033830782;5;0;0;0;0;0;0;1;0;1
2003 38 2;118;064033850599;5;0;0;0;0;1;0;0;0;1
2003 38 2;119;064033750798;5;1;0;0;0;0;0;1;0;0
2003 38 2;120;064033810632;5;0;1;0;0;1;0;0;1;0
2003 38 2;121;064033820866;7;0;0;0;0;0;0;1;0;1
2003 38 2;122;064033810753;7;0;1;0;0;0;0;1;0;1
2003 38 2;123;064033830788;7;0;0;0;0;0;0;1;0;1
2003 38 2;124;064033830802;7;0;0;0;0;0;0;1;0;1
2003 38 2;125;064033830784;7;0;0;0;0;0;0;1;0;1
2003 38 2;126;064033820859;7;0;0;0;0;0;0;1;0;1
2003 38 2;127;064033830797;7;0;0;0;0;0;0;1;0;1
2003 38 2;128;064033820869;7;0;0;0;0;0;0;1;0;1
2003 38 2;129;064033820912;7;0;0;0;0;0;0;1;0;1
2003 38 2;130;064033820870;7;0;0;0;0;0;0;1;0;1
2003 38 2;131;064033820879;7;0;0;0;0;0;0;1;0;1
2003 38 2;132;064033810755;7;0;1;0;0;0;0;1;0;1
2003 38 2;133;064033830786;7;0;0;0;0;0;0;1;0;1
2003 38 2;134;064033820891;7;0;0;0;0;0;0;1;0;1
2003 38 2;135;064033830777;7;0;0;0;0;0;0;1;0;1
2003 38 2;136;064033840897;6;0;0;0;0;1;0;0;0;1
2003 38 2;137;064033840864;6;0;0;0;0;1;0;0;0;1
2003 38 2;138;064033820785;6;0;0;0;0;0;0;1;0;1
2003 38 2;139;064033840901;6;0;0;0;0;1;0;0;0;1
2003 38 2;140;064033840893;6;0;0;0;0;1;0;0;0;1
2003 38 2;141;064033920678;6;0;1;0;0;0;0;1;0;1
2003 38 2;142;064033840865;6;0;0;0;0;1;0;0;0;1
2003 38 2;143;064033840895;6;0;0;0;0;1;0;0;0;1
2003 38 2;144;064033820750;6;0;0;0;0;0;0;1;0;1
2003 38 2;145;064033840860;6;0;0;0;0;1;0;0;0;1
2003 38 2;146;064033840873;6;0;0;0;0;1;0;0;0;1
2003 38 2;147;064033840891;6;0;0;0;0;1;0;0;0;1
2003 38 2;148;064033820688;6;0;0;0;0;0;0;1;0;1
2003 38 2;149;064033840855;6;0;0;0;0;1;0;0;0;1
2003 38 2;150;064033840885;6;0;0;0;0;1;0;0;0;1
2003 38 2;151;064033820956;1;0;0;0;0;0;0;1;0;1
2003 38 2;152;064033820957;1;0;0;0;0;0;0;1;0;1
2003 38 2;153;064033820942;1;0;0;0;0;0;0;1;0;1
2003 38 2;154;064033830806;1;0;0;0;0;0;0;1;0;1
2003 38 2;155;064033811023;1;0;1;0;0;1;0;0;1;0
2003 38 2;156;064033820930;1;0;0;0;0;0;0;1;0;1
2003 38 2;157;064033820915;1;0;0;0;0;0;0;1;0;1
2003 38 2;158;064033751003;1;0;0;0;0;0;0;1;0;0
2003 38 2;159;064033830779;1;0;0;0;0;1;0;0;0;1
2003 38 2;160;064033830793;1;0;0;0;0;0;0;1;0;1
2003 38 2;161;064033830809;1;0;0;0;0;0;0;1;0;1
2003 38 2;162;064033750783;1;1;0;1;0;0;0;1;0;0
2003 38 2;163;064033820945;1;0;0;0;0;0;0;1;0;1
2003 38 2;164;064033820894;1;0;0;0;0;0;0;1;0;1
2003 38 2;165;064033820872;1;0;0;0;0;0;0;1;0;1
2003 38 2;166;064033810639;5;0;1;0;0;1;0;0;1;0
2003 38 2;167;064033820986;5;0;0;0;0;0;0;1;0;1
2003 38 2;168;064033750708;5;0;1;0;0;1;0;0;0;0
2003 38 2;169;064033820902;5;0;0;0;0;0;0;1;0;1
2003 38 2;170;064033810528;5;1;0;0;0;1;0;0;0;0
2003 38 2;171;064033840783;5;0;1;0;0;1;0;0;0;1
2003 38 2;172;064033820871;5;0;0;0;0;0;0;1;0;1
2003 38 2;173;064033810503;5;0;0;0;0;1;0;0;0;0
2003 38 2;174;064033821004;5;0;0;0;0;0;0;1;0;1
2003 38 2;175;064033810624;5;0;1;0;0;1;0;0;1;0
2003 38 2;176;064033850420;5;0;0;0;0;1;0;0;0;1
2003 38 2;177;064033750931;5;0;0;0;0;0;0;1;0;0
2003 38 2;178;064033840786;5;0;1;0;0;1;0;0;0;1
2003 38 2;179;064033830768;5;1;0;0;0;0;0;1;0;1
2003 38 2;180;064033810862;5;0;1;0;0;1;0;0;0;0
2003 38 2;181;064033420018;8;0;0;0;0;1;1;0;0;0
2003 38 2;182;064033741173;8;0;1;0;1;0;0;1;0;0
2003 38 2;183;064034230024;8;0;0;0;0;1;0;0;0;0
2003 38 2;184;064033907064;8;0;1;0;0;0;0;1;0;0
2003 38 2;185;064033420017;8;0;0;0;0;1;1;0;0;0
2003 38 2;186;064033811013;8;0;1;0;0;1;0;0;1;0
2003 38 2;187;064033830738;8;0;0;0;0;0;0;1;0;1
2003 38 2;188;064033741156;8;0;1;0;0;0;0;1;0;0
2003 38 2;189;064033741154;8;0;1;0;0;0;0;1;0;0
2003 38 2;190;064033810542;8;0;0;1;0;1;0;0;0;0
2003 38 2;191;064033741139;8;0;1;0;1;0;0;1;0;0
2003 38 2;192;064034130048;8;0;0;0;0;0;0;1;0;0
2003 38 2;193;064033810969;8;0;1;0;0;1;0;0;1;0
2003 38 2;194;064033420020;8;0;0;0;0;1;1;0;0;0
2003 38 2;195;064033741140;8;0;1;0;1;0;0;1;0;0
2003 38 2;196;064033820917;1;0;0;0;0;0;0;1;0;1
2003 38 2;197;064033820914;1;0;0;0;0;0;0;1;0;1
2003 38 2;198;064033820904;1;0;0;0;0;0;0;1;0;1
2003 38 2;199;064033820909;1;0;0;0;0;0;0;1;0;1
2003 38 2;200;064033810686;1;0;0;0;0;1;0;0;0;0
2003 38 2;201;064033820882;1;0;0;0;0;0;0;1;0;1
2003 38 2;202;064033820896;1;0;0;0;0;0;0;1;0;1
2003 38 2;203;064033751080;1;0;0;0;0;0;0;1;0;0
2003 38 2;204;064033820877;1;0;0;0;0;0;0;1;0;1
2003 38 2;205;064033820908;1;0;0;0;0;0;0;1;0;1
2003 38 2;206;064033811025;1;0;1;0;0;1;0;0;1;0
2003 38 2;207;064033820898;1;0;0;0;0;0;0;1;0;1
2003 38 2;208;064033820875;1;0;0;0;0;0;0;1;0;1
2003 38 2;209;064033751075;1;0;0;0;0;0;0;1;0;0
2003 38 2;210;064033820911;1;0;0;0;0;0;0;1;0;1
2003 38 2;211;064033840867;6;0;0;0;0;1;0;0;0;1
2003 38 2;212;064033840856;6;0;0;0;0;1;0;0;0;1
2003 38 2;213;064033840876;6;0;0;0;0;1;0;0;0;1
2003 38 2;214;064033820504;6;0;0;0;0;0;0;1;0;1
2003 38 2;215;064033840866;6;0;0;0;0;1;0;0;0;1
2003 38 2;216;064033840857;6;0;0;0;0;1;0;0;0;1
2003 38 2;217;064033920686;6;1;1;0;0;0;0;1;0;1
2003 38 2;218;064033840898;6;0;0;0;0;1;0;0;0;1
2003 38 2;219;064033840887;6;0;0;0;0;1;0;0;0;1
2003 38 2;220;064033830750;6;0;0;0;0;0;0;1;0;1
2003 38 2;221;064033840879;6;0;0;0;0;1;0;0;0;1
2003 38 2;222;064033840858;6;0;0;0;0;1;0;0;0;1
2003 38 2;223;064033830613;6;0;0;0;0;0;0;1;0;1
2003 38 2;224;064033840896;6;0;0;0;0;1;0;0;0;1
2003 38 2;225;064033840871;6;0;0;0;0;1;0;0;0;1
2003 38 2;226;064033750795;5;1;0;0;0;0;0;1;0;0
2003 38 2;227;064033810638;5;0;1;0;0;1;0;0;1;0
2003 38 2;228;064033850572;5;0;0;0;0;1;0;0;0;1
2003 38 2;229;064033750627;5;0;1;0;0;0;0;1;0;1
2003 38 2;230;064033810659;5;0;0;1;0;1;0;0;0;0
2003 38 2;231;064033850732;5;0;1;0;0;1;0;0;0;1
2003 38 2;232;064033750926;5;0;0;0;0;0;0;1;0;0
2003 38 2;233;064033850743;5;0;1;0;0;1;0;0;0;1
2003 38 2;234;064033810427;5;0;0;0;0;0;0;1;0;0
2003 38 2;235;064033850730;5;0;1;0;0;1;0;0;0;1
2003 38 2;236;064033810772;5;0;0;0;0;0;0;1;0;1
2003 38 2;237;064033810526;5;1;0;0;0;1;0;0;0;0
2003 38 2;238;064033750782;5;0;0;0;0;0;0;1;0;1
2003 38 2;239;064033820659;5;0;0;0;0;0;0;1;0;1
2003 38 2;240;064033810625;5;0;1;0;0;1;0;0;1;0
2003 38 2;241;064033820881;1;0;0;0;0;0;0;1;0;1
2003 38 2;242;064033821006;1;0;0;0;0;0;0;1;0;1
2003 38 2;243;064033750935;1;0;0;0;0;0;0;1;0;0
2003 38 2;244;064033820905;1;0;0;0;0;0;0;1;0;1
2003 38 2;245;064033830778;1;0;0;0;0;0;0;1;0;1
2003 38 2;246;064033750874;1;0;0;0;0;0;0;1;0;0
2003 38 2;247;064033830803;1;0;0;0;0;1;0;0;0;1
2003 38 2;248;064033820865;1;0;0;0;0;0;0;1;0;1
2003 38 2;249;064033750946;1;0;0;0;0;0;0;1;0;0
2003 38 2;250;064033811045;1;0;1;0;0;0;0;1;0;1
2003 38 2;251;064033850826;1;1;0;0;0;0;0;1;0;1
2003 38 2;252;064033830801;1;0;0;0;0;1;0;0;0;1
2003 38 2;253;064033811011;1;0;1;0;0;0;0;1;0;1
2003 38 2;254;064033820895;1;0;0;0;0;0;0;1;0;1
2003 38 2;255;064033750954;1;0;0;0;0;0;0;1;0;0
2003 38 2;256;064033830791;7;0;0;0;0;0;0;1;0;1
2003 38 2;257;064033820860;7;0;0;0;0;0;0;1;0;1
2003 38 2;258;064033830771;7;0;0;0;0;0;0;1;0;1
2003 38 2;259;064033820846;7;0;0;0;0;0;0;1;0;1
2003 38 2;260;064033820854;7;0;0;0;0;0;0;1;0;1
2003 38 2;261;064033820673;7;0;0;0;0;0;0;1;0;1
2003 38 2;262;064033820677;7;0;0;0;0;0;0;1;0;1
2003 38 2;263;064033820666;7;0;0;0;0;0;0;1;0;1
2003 38 2;264;064033820657;7;0;0;0;0;0;0;1;0;1
2003 38 2;265;064033820651;7;0;0;0;0;0;0;1;0;1
2003 38 2;266;064033820587;7;0;1;0;0;1;0;0;0;1
2003 38 2;267;064033820662;7;0;0;0;0;0;0;1;0;1
2003 38 2;268;064033820648;7;0;0;0;0;0;0;1;0;1
2003 38 2;269;064033820650;7;0;0;0;0;0;0;1;0;1
2003 38 2;270;064033820653;7;0;0;0;0;0;0;1;0;1
2003 38 2;271;064033810642;5;0;1;0;0;1;0;0;1;0
2003 38 2;272;064033810819;5;0;0;0;0;1;0;0;0;0
2003 38 2;273;064033820676;5;0;0;0;0;0;0;1;0;1
2003 38 2;274;064033850760;5;0;1;0;0;1;0;0;0;1
2003 38 2;275;064033810715;5;0;0;0;0;1;0;0;0;0
2003 38 2;276;064033740640;5;1;1;0;0;0;0;1;0;1
2003 38 2;277;064033811246;5;0;0;1;0;1;0;0;0;0
2003 38 2;278;064033850750;5;0;1;0;0;1;0;0;0;1
2003 38 2;279;064033820649;5;0;0;0;0;0;0;1;0;1
2003 38 2;280;064033810643;5;0;1;0;0;1;0;0;1;0
2003 38 2;281;064033811249;5;0;0;0;0;1;0;0;0;0
2003 38 2;282;064033820548;5;0;0;0;0;0;0;1;0;1
2003 38 2;283;064033811232;5;0;0;0;0;1;0;0;0;0
2003 38 2;284;064033810626;5;0;1;0;0;1;0;0;1;0
2003 38 2;285;064033750998;5;0;0;0;0;0;0;1;0;0
2003 38 2;286;064033840881;6;0;0;0;0;1;0;0;0;1
2003 38 2;287;064033840900;6;0;0;0;0;1;0;0;0;1
2003 38 2;288;064033840798;6;0;0;0;0;0;0;1;0;1
2003 38 2;289;064033840882;6;0;0;0;0;1;0;0;0;1
2003 38 2;290;064033850588;6;0;0;0;0;1;0;0;0;1
2003 38 2;291;064033840687;6;0;0;0;0;0;0;1;0;1
2003 38 2;292;064033850584;6;0;0;0;0;1;0;0;0;1
2003 38 2;293;064033850489;6;0;0;0;0;1;0;0;0;1
2003 38 2;294;064033850415;6;0;0;0;0;1;0;0;0;1
2003 38 2;295;064033840690;6;0;0;0;0;0;0;1;0;1
2003 38 2;296;064033850586;6;0;0;0;0;1;0;0;0;1
2003 38 2;297;064033850607;6;0;0;0;0;1;0;0;0;1
2003 38 2;298;064033840684;6;0;0;0;0;0;0;1;0;1
2003 38 2;299;064033850829;6;0;0;0;0;1;0;0;0;1
2003 38 2;300;064033850605;6;0;0;0;0;1;0;0;0;1
2003 38 2;301;064033740649;1;1;1;0;0;0;0;1;0;0
2003 38 2;302;064033830787;1;0;0;0;0;0;0;1;0;1
2003 38 2;303;064033820949;1;0;0;0;0;0;0;1;0;1
2003 38 2;304;064033750908;1;0;0;0;0;0;0;1;0;0
2003 38 2;305;064033810907;1;0;0;0;0;1;0;0;0;1
2003 38 2;306;064033811000;1;0;1;0;0;0;0;1;0;1
2003 38 2;307;064033750785;1;0;0;0;0;0;0;1;0;0
2003 38 2;308;064033820849;1;0;0;0;0;0;0;1;0;1
2003 38 2;309;064033820843;1;0;0;0;0;0;0;1;0;1
2003 38 2;310;064033810711;1;1;0;1;0;1;0;0;0;0
2003 38 2;311;064033820850;1;0;0;0;0;0;0;1;0;1
2003 38 2;312;064033820853;1;0;0;0;0;0;0;1;0;1
2003 38 2;313;064033750923;1;0;0;0;0;0;0;1;0;0
2003 38 2;314;064033820852;1;0;0;0;0;0;0;1;0;1
2003 38 2;315;064033820851;1;0;0;0;0;0;0;1;0;1
2003 38 2;316;064033810918;9;0;1;0;0;1;0;0;1;0
2003 38 2;317;064033820966;9;0;0;0;0;0;0;1;0;1
2003 38 2;318;064033830654;9;0;0;0;0;1;0;0;0;1
2003 38 2;319;064033740783;9;0;0;0;0;0;0;1;0;0
2003 38 2;320;064033811029;9;0;1;0;0;0;0;1;0;1
2003 38 2;321;064033811077;9;0;0;0;0;0;0;1;0;0
2003 38 2;322;064033810814;9;0;1;0;0;1;0;0;0;0
2003 38 2;323;064033840050;9;0;0;1;0;0;0;1;0;1
2003 38 2;324;064033850579;9;0;0;0;0;1;0;0;0;1
2003 38 2;325;064033830746;9;0;0;0;0;0;0;1;0;0
2003 38 2;326;064033830808;9;0;0;0;0;0;0;1;0;1
2003 38 2;327;064033811033;9;1;1;0;0;0;0;1;0;1
2003 38 2;328;064033830748;9;0;0;0;0;0;0;1;0;0
2003 38 2;329;064033810919;9;0;1;0;0;1;0;0;1;0
2003 38 2;330;064033830807;9;0;0;0;0;0;0;1;0;1
2003 38 2;331;064033420011;8;0;0;0;0;1;1;0;0;0
2003 38 2;332;064033741141;8;0;1;0;1;0;0;1;0;0
2003 38 2;333;064033810912;8;0;0;0;0;1;0;0;0;0
2003 38 2;334;064033741159;8;0;1;0;0;0;0;1;0;0
2003 38 2;335;064033810537;8;0;0;1;0;1;0;0;0;0
2003 38 2;336;064033741155;8;0;1;0;0;0;0;1;0;0
2003 38 2;337;064033810279;8;0;0;0;0;1;0;0;0;0
2003 38 2;338;064033810957;8;0;1;0;0;1;0;0;1;0
2003 38 2;339;064034130049;8;0;0;0;0;0;0;1;0;0
2003 38 2;340;064033420025;8;0;0;0;0;1;1;0;0;0
2003 38 2;341;064034130047;8;0;0;0;0;0;0;1;0;0
2003 38 2;342;064033741151;8;0;1;0;0;0;0;1;0;0
2003 38 2;343;064033810541;8;0;0;1;0;1;0;0;0;0
2003 38 2;344;064033741146;8;0;1;0;1;0;0;1;0;0
2003 38 2;345;064033420023;8;0;0;0;0;1;1;0;0;0
2003 38 2;346;064033750794;5;1;0;0;0;0;0;1;0;0
2003 38 2;347;064033810858;5;0;1;0;0;1;0;0;0;0
2003 38 2;348;064033830751;5;0;0;0;0;0;0;1;0;1
2003 38 2;349;064033810628;5;0;1;0;0;1;0;0;1;0
2003 38 2;350;064033830700;5;0;0;0;0;0;0;1;0;1
2003 38 2;351;064033850765;5;0;1;0;0;1;0;0;0;1
2003 38 2;352;064033750050;5;0;0;1;0;1;0;0;0;0
2003 38 2;353;064033740740;5;0;1;0;0;0;0;1;0;0
2003 38 2;354;064033810974;5;0;0;0;0;1;0;0;0;0
2003 38 2;355;064033850764;5;0;1;0;0;1;0;0;0;1
2003 38 2;356;064033830658;5;0;0;0;0;0;0;1;0;1
2003 38 2;357;064033810630;5;0;1;0;0;1;0;0;1;0
2003 38 2;358;064033750797;5;1;0;0;0;0;0;1;0;0
2003 38 2;359;064033850768;5;0;1;0;0;1;0;0;0;1
2003 38 2;360;064033750848;5;0;0;0;0;0;0;1;0;0
2003 38 2;361;064033850600;6;0;0;0;0;1;0;0;0;1
2003 38 2;362;064033850647;6;0;0;0;0;1;0;0;0;1
2003 38 2;363;064033840569;6;0;0;0;0;0;0;1;0;1
2003 38 2;364;064033910756;6;0;0;0;0;1;0;0;0;1
2003 38 2;365;064033910744;6;0;0;0;0;1;0;0;0;1
2003 38 2;366;064033840059;6;0;0;0;0;0;0;1;0;1
2003 38 2;367;064033910734;6;0;0;0;0;1;0;0;0;1
2003 38 2;368;064033910714;6;0;0;0;0;1;0;0;0;1
2003 38 2;369;064033840058;6;0;0;0;0;0;0;1;0;1
2003 38 2;370;064033910738;6;0;0;0;0;1;0;0;0;1
2003 38 2;371;064033910733;6;0;0;0;0;1;0;0;0;1
2003 38 2;372;064033850834;6;0;0;0;0;0;0;1;0;1
2003 38 2;373;064033810767;6;0;0;0;0;1;0;0;0;0
2003 38 2;374;064033910708;6;0;0;0;0;1;0;0;0;1
2003 38 2;375;064033910757;6;0;0;0;0;1;0;0;0;1
2003 38 2;376;064033820848;1;0;0;0;0;0;0;1;0;1
2003 38 2;377;064033750791;1;1;0;0;0;0;0;1;0;0
2003 38 2;378;064033810937;1;0;1;0;0;0;0;1;0;1
2003 38 2;379;064033751007;1;0;0;0;0;0;0;1;0;1
2003 38 2;380;064033810656;1;0;0;0;0;1;0;0;0;0
2003 38 2;381;064033820829;1;0;0;0;0;0;0;1;0;1
2003 38 2;382;064033820780;1;0;0;0;0;0;0;1;0;1
2003 38 2;383;064033750811;1;0;0;0;0;0;0;1;0;0
2003 38 2;384;064033820783;1;0;0;0;0;0;0;1;0;1
2003 38 2;385;064033820754;1;0;0;0;0;0;0;1;0;1
2003 38 2;386;064033830676;1;0;0;0;0;1;0;0;0;1
2003 38 2;387;064033820720;1;0;0;0;0;0;0;1;0;1
2003 38 2;388;064033750780;1;0;0;0;0;0;0;1;0;0
2003 38 2;389;064033820672;1;0;0;0;0;0;0;1;0;1
2003 38 2;390;064033820679;1;0;0;0;0;0;0;1;0;1
2003 38 2;391;064033810633;5;0;1;0;0;1;0;0;1;0
2003 38 2;392;064033810734;5;1;0;1;0;1;0;0;0;0
2003 38 2;393;064033750873;5;0;0;0;0;0;0;1;0;0
2003 38 2;394;064033830621;5;0;0;0;0;0;0;1;0;1
2003 38 2;395;064033850767;5;0;1;0;0;1;0;0;0;1
2003 38 2;396;064033810763;5;0;0;0;0;1;0;0;0;0
2003 38 2;397;064033830594;5;0;0;0;0;0;0;1;0;1
2003 38 2;398;064033850731;5;0;1;0;0;1;0;0;0;1
2003 38 2;399;064033750977;5;0;0;0;0;0;0;1;0;0
2003 38 2;400;064033830342;5;0;0;0;0;0;0;1;0;1
2003 38 2;401;064033810641;5;0;1;0;0;1;0;0;1;0
2003 38 2;402;064033810726;5;0;0;1;0;1;0;0;0;0
2003 38 2;403;064033811016;5;0;1;0;0;0;0;1;0;1
2003 38 2;404;064033830691;5;0;0;0;0;0;0;1;0;1
2003 38 2;405;064033810631;5;0;1;0;0;1;0;0;1;0
2003 38 2;406;064033820664;7;0;0;0;0;0;0;1;0;1
2003 38 2;407;064033820581;7;0;0;0;0;0;0;1;0;1
2003 38 2;408;064033820600;7;0;0;0;0;0;0;1;0;1
2003 38 2;409;064033820606;7;0;0;0;0;0;0;1;0;1
2003 38 2;410;064033820597;7;0;0;0;0;0;0;1;0;1
2003 38 2;411;064033820592;7;0;0;0;0;0;0;1;0;1
2003 38 2;412;064033820603;7;0;0;0;0;0;0;1;0;1
2003 38 2;413;064033830647;7;0;0;0;0;1;0;0;0;1
2003 38 2;414;064033820610;7;0;0;0;0;0;0;1;0;1
2003 38 2;415;064033820595;7;0;0;0;0;0;0;1;0;1
2003 38 2;416;064033820607;7;0;0;0;0;0;0;1;0;1
2003 38 2;417;064033820582;7;0;0;0;0;0;0;1;0;1
2003 38 2;418;064033820596;7;0;0;0;0;0;0;1;0;1
2003 38 2;419;064033820661;7;0;0;0;0;0;0;1;0;1
2003 38 2;420;064033820609;7;0;0;0;0;0;0;1;0;1
2003 38 2;421;064033810801;3;0;0;0;0;1;0;0;0;0
2003 38 2;422;064033830772;3;0;0;0;0;0;0;1;0;1
2003 38 2;423;064033820919;3;0;0;0;0;0;0;1;0;1
2003 38 2;424;064033830783;3;0;0;0;0;0;0;1;0;1
2003 38 2;425;064033741169;3;0;1;0;1;0;0;1;0;0
2003 38 2;426;064033910692;3;0;0;1;0;1;0;0;0;1
2003 38 2;427;064033820876;3;0;0;0;0;0;0;1;0;1
2003 38 2;428;064033820980;3;0;0;0;0;0;0;1;0;0
2003 38 2;429;064033830769;3;0;0;0;0;1;0;0;0;1
2003 38 2;430;064033830774;3;0;0;0;0;0;0;1;0;1
2003 38 2;431;064033750925;3;0;0;0;0;0;0;1;0;0
2003 38 2;432;064033820847;3;0;0;0;0;0;0;1;0;1
2003 38 2;433;064033820845;3;0;0;0;0;0;0;1;0;1
2003 38 2;434;064033810549;3;0;0;1;0;1;0;0;0;0
2003 38 2;435;064033830795;3;0;0;0;0;1;0;0;0;1
2003 38 2;436;064033820652;1;0;0;0;0;0;0;1;0;1
2003 38 2;437;064033630723;1;0;0;0;0;0;0;1;0;0
2003 38 2;438;064033820687;1;0;0;0;0;0;0;1;0;1
2003 38 2;439;064033820655;1;0;0;0;0;0;0;1;0;1
2003 38 2;440;064033810531;1;0;1;0;0;1;0;0;1;0
2003 38 2;441;064033820580;1;0;0;0;0;0;0;1;0;1
2003 38 2;442;064033820586;1;0;0;0;0;0;0;1;0;1
2003 38 2;443;064033820608;1;0;0;0;0;0;0;1;0;1
2003 38 2;444;064033820578;1;0;0;0;0;0;0;1;0;1
2003 38 2;445;064033810655;1;1;0;0;0;1;0;0;0;0
2003 38 2;446;064033820555;1;0;0;0;0;0;0;1;0;1
2003 38 2;447;064033820553;1;0;0;0;0;0;0;1;0;1
2003 38 2;448;064033730565;1;0;0;0;0;0;0;1;0;0
2003 38 2;449;064033830697;1;0;0;0;0;0;0;1;0;1
2003 38 2;450;064033830698;1;0;0;0;0;0;0;1;0;1
2003 38 2;451;064033810550;10;0;0;1;0;1;0;0;0;0
2003 38 2;452;064033810029;10;0;1;0;0;1;0;0;1;0
2003 38 2;453;064033741147;10;1;0;0;0;0;0;1;0;0
2003 38 2;454;064033750071;10;0;1;0;0;1;0;0;0;0
2003 38 2;455;064033830360;10;0;0;1;0;0;0;1;0;1
2003 38 2;456;064033820976;10;0;0;0;0;0;0;1;0;1
2003 38 2;457;064033750711;10;0;0;0;0;1;0;0;0;0
2003 38 2;458;064033910557;10;0;0;1;0;0;0;1;0;1
2003 38 2;459;064033810864;10;0;1;0;0;1;0;0;0;0
2003 38 2;460;064033810868;10;0;0;0;0;1;0;0;0;0
2003 38 2;461;064033840912;10;0;0;0;0;0;0;1;0;1
2003 38 2;462;064033810909;10;1;0;1;0;1;0;0;0;0
2003 38 2;463;064033810515;10;0;1;0;0;1;0;0;1;0
2003 38 2;464;064033820839;10;0;0;0;0;0;0;1;0;1
2003 38 2;465;064033810552;10;0;0;1;0;1;0;0;0;0
2003 38 2;466;064033910731;6;0;0;0;0;1;0;0;0;1
2003 38 2;467;064033850831;6;0;0;0;0;0;0;1;0;1
2003 38 2;468;064033910747;6;0;0;0;0;1;0;0;0;1
2003 38 2;469;064033910759;6;0;0;0;0;1;0;0;0;1
2003 38 2;470;064033850830;6;0;0;0;0;0;0;1;0;1
2003 38 2;471;064033910718;6;0;0;0;0;1;0;0;0;1
2003 38 2;472;064033910758;6;0;0;0;0;1;0;0;0;1
2003 38 2;473;064033910725;6;0;0;0;0;1;0;0;0;1
2003 38 2;474;064033850833;6;0;0;0;0;0;0;1;0;1
2003 38 2;475;064033910736;6;0;0;0;0;1;0;0;0;1
2003 38 2;476;064033910720;6;0;0;0;0;1;0;0;0;1
2003 38 2;477;064033850832;6;0;0;0;0;0;0;1;0;1
2003 38 2;478;064033910709;6;0;0;0;0;1;0;0;0;1
2003 38 2;479;064033910743;6;0;0;0;0;1;0;0;0;1
2003 38 2;480;064033910739;6;0;0;0;0;1;0;0;0;1
2003 38 2;481;064033741006;5;1;1;0;0;0;0;1;0;0
2003 38 2;482;064033750830;5;0;0;0;0;0;0;1;0;0
2003 38 2;483;064033810634;5;0;1;0;0;1;0;0;1;0
2003 38 2;484;064034110113;5;0;0;0;0;1;0;0;0;0
2003 38 2;485;064033820727;5;0;1;0;0;0;0;1;0;0
2003 38 2;486;064033830671;5;0;0;0;0;0;0;1;0;1
2003 38 2;487;064033810861;5;0;1;0;0;1;0;0;0;0
2003 38 2;488;064033850627;5;0;0;0;0;1;0;0;0;1
2003 38 2;489;064033750763;5;1;1;0;0;0;0;1;0;0
2003 38 2;490;064033641325;5;0;0;0;0;0;0;1;0;1
2003 38 2;491;064033810884;5;0;0;1;0;1;0;0;0;0
2003 38 2;492;064033730863;5;0;1;0;0;0;0;1;0;1
2003 38 2;493;064033750825;5;0;0;0;0;0;0;1;0;0
2003 38 2;494;064033810614;5;0;0;0;0;1;0;0;0;0
2003 38 2;495;064033810627;5;0;1;0;0;1;0;0;1;0
2003 38 2;496;064033830680;1;0;0;0;0;0;0;1;0;1
2003 38 2;497;064033830648;1;0;0;0;0;0;0;1;0;1
2003 38 2;498;064033830669;1;0;0;0;0;0;0;1;0;1
2003 38 2;499;064033750793;1;1;0;0;0;0;0;1;0;0
2003 38 2;500;064033830650;1;0;0;0;0;0;0;1;0;1
2003 38 2;501;064033850802;1;0;0;0;0;1;0;0;0;1
2003 38 2;502;064033830644;1;0;0;0;0;0;0;1;0;1
2003 38 2;503;064033830688;1;0;0;0;0;0;0;1;0;1
2003 38 2;504;064033811244;1;0;0;0;0;0;0;1;0;0
2003 38 2;505;064033830631;1;0;0;0;0;0;0;1;0;1
2003 38 2;506;064033850281;1;0;0;0;0;1;0;0;0;1
2003 38 2;507;064033750792;1;1;0;0;0;0;0;1;0;0
2003 38 2;508;064033810846;1;0;1;0;0;0;0;1;0;1
2003 38 2;509;064033830607;1;0;0;0;0;0;0;1;0;1
2003 38 2;510;064033830603;1;0;0;0;0;0;0;1;0;1
2003 38 2;511;064033420028;8;0;0;0;0;1;1;0;0;0
2003 38 2;512;064033741166;8;0;1;0;1;0;0;1;0;0
2003 38 2;513;064033810538;8;0;0;1;0;1;0;0;0;0
2003 38 2;514;064033810958;8;0;1;0;0;1;0;0;1;0
2003 38 2;515;064034130046;8;0;0;0;0;0;0;1;0;0
2003 38 2;516;064033741152;8;0;1;0;0;0;0;1;0;0
2003 38 2;517;064033420026;8;0;0;0;0;1;1;0;0;0
2003 38 2;518;064033741158;8;0;1;0;0;0;0;1;0;0
2003 38 2;519;064033811235;8;0;0;0;0;1;0;0;0;0
2003 38 2;520;064033741150;8;0;1;0;0;0;0;1;0;0
2003 38 2;521;064033740857;8;0;0;0;0;0;0;1;0;0
2003 38 2;522;064033810917;8;0;1;0;0;1;0;0;1;0
2003 38 2;523;064033810536;8;0;0;1;0;1;0;0;0;0
2003 38 2;524;064033740743;8;0;1;0;1;0;0;1;0;0
2003 38 2;525;064033420015;8;0;0;0;0;1;1;0;0;0
2003 38 2;526;064033910717;6;0;0;0;0;1;0;0;0;1
2003 38 2;527;064033910748;6;0;0;0;0;1;0;0;0;1
2003 38 2;528;064033910727;6;0;0;0;0;1;0;0;0;1
2003 38 2;529;064033910715;6;0;0;0;0;1;0;0;0;1
2003 38 2;530;064033910728;6;0;0;0;0;1;0;0;0;1
2003 38 2;531;064033811001;6;0;1;0;0;0;0;1;0;1
2003 38 2;532;064033910760;6;0;0;0;0;1;0;0;0;1
2003 38 2;533;064033910729;6;0;0;0;0;1;0;0;0;1
2003 38 2;534;064033910746;6;0;0;0;0;1;0;0;0;1
2003 38 2;535;064033850780;6;0;0;0;0;0;0;1;0;1
2003 38 2;536;064033910723;6;0;0;0;0;1;0;0;0;1
2003 38 2;537;064033910712;6;0;0;0;0;1;0;0;0;1
2003 38 2;538;064033850429;6;0;0;0;0;0;0;1;0;1
2003 38 2;539;064033910745;6;0;0;0;0;1;0;0;0;1
2003 38 2;540;064033910722;6;0;0;0;0;1;0;0;0;1
2003 38 2;541;064033750829;5;1;0;0;0;0;0;1;0;0
2003 38 2;542;064033810645;5;0;1;0;0;1;0;0;1;0
2003 38 2;543;064033830013;5;0;0;1;0;0;0;1;0;1
2003 38 2;544;064033850753;5;0;1;0;0;1;0;0;0;1
2003 38 2;545;064033810613;5;0;0;0;0;1;0;0;0;0
2003 38 2;546;064033840750;5;0;0;0;0;0;0;1;0;1
2003 38 2;547;064033811089;5;0;0;0;0;1;0;0;0;0
2003 38 2;548;064033750806;5;0;0;0;0;0;0;1;0;0
2003 38 2;549;064033850745;5;0;1;0;0;1;0;0;0;1
2003 38 2;550;064033750002;5;0;0;0;0;0;0;1;0;0
2003 38 2;551;064033850738;5;0;1;0;0;1;0;0;0;1
2003 38 2;552;064033840689;5;0;0;0;0;0;0;1;0;1
2003 38 2;553;064033810855;5;0;1;0;0;1;0;0;0;0
2003 38 2;554;064033840678;5;0;0;0;0;0;0;1;0;1
2003 38 2;555;064033810636;5;0;1;0;0;1;0;0;1;0
2003 38 2;556;064033830600;1;0;0;0;0;0;0;1;0;1
2003 38 2;557;064033830599;1;0;0;0;0;0;0;1;0;1
2003 38 2;558;064033830593;1;0;0;0;0;0;0;1;0;1
2003 38 2;559;064033830637;1;0;0;0;0;0;0;1;0;1
2003 38 2;560;064033810929;1;0;1;0;0;1;0;0;0;0
2003 38 2;561;064033830641;1;0;0;0;0;0;0;1;0;1
2003 38 2;562;064033830642;1;0;0;0;0;0;0;1;0;1
2003 38 2;563;064033830674;1;0;1;0;0;0;0;1;0;1
2003 38 2;564;064033830357;1;0;0;0;0;0;0;1;0;0
2003 38 2;565;064033850578;1;0;0;0;0;1;0;0;0;1
2003 38 2;566;064033830686;1;0;0;0;0;0;0;1;0;1
2003 38 2;567;064033750930;1;1;1;0;0;0;0;1;0;0
2003 38 2;568;064033840831;1;0;0;0;0;0;0;1;0;1
2003 38 2;569;064033840707;1;0;0;0;0;0;0;1;0;1
2003 38 2;570;064033810530;1;0;1;0;0;1;0;0;1;0
2003 38 2;571;064033830766;7;0;0;0;0;0;0;1;0;1
2003 38 2;572;064033830635;7;0;0;0;0;0;0;1;0;1
2003 38 2;573;064033830663;7;0;0;0;0;0;0;1;0;1
2003 38 2;574;064033830693;7;0;0;0;0;0;0;1;0;1
2003 38 2;575;064033830653;7;0;0;0;0;0;0;1;0;1
2003 38 2;576;064033830690;7;0;0;0;0;0;0;1;0;1
2003 38 2;577;064033830639;7;0;0;0;0;0;0;1;0;1
2003 38 2;578;064033830678;7;0;0;0;0;0;0;1;0;1
2003 38 2;579;064033830638;7;0;0;0;0;0;0;1;0;1
2003 38 2;580;064033830651;7;0;0;0;0;0;0;1;0;1
2003 38 2;581;064033830660;7;0;0;0;0;0;0;1;0;1
2003 38 2;582;064033830684;7;0;0;0;0;0;0;1;0;1
2003 38 2;583;064033730244;7;0;0;0;0;0;0;1;0;0
2003 38 2;584;064033810760;7;0;1;0;0;0;0;1;0;1
2003 38 2;585;064033830677;7;0;0;0;0;0;0;1;0;1
2003 38 2;586;064033810953;9;0;1;0;0;1;0;0;1;0
2003 38 2;587;064033850823;9;0;0;1;0;0;0;1;0;1
2003 38 2;588;064033820751;9;1;0;0;0;0;0;1;0;1
2003 38 2;589;064033850817;9;0;1;0;0;1;0;0;0;0
2003 38 2;590;064033820844;9;0;0;0;0;0;0;1;0;1
2003 38 2;591;064033830747;9;0;0;0;0;0;0;1;0;0
2003 38 2;592;064033751038;9;0;0;0;0;0;0;1;0;1
2003 38 2;593;064033741170;9;0;1;0;1;0;0;1;0;0
2003 38 2;594;064033850589;9;0;0;0;0;1;0;0;0;1
2003 38 2;595;064033741171;9;0;1;0;0;0;0;1;0;0
2003 38 2;596;064033820665;9;0;0;0;0;0;0;1;0;1
2003 38 2;597;064033750815;9;0;0;1;0;0;0;1;0;0
2003 38 2;598;064033810517;9;0;1;0;0;1;0;0;1;0
2003 38 2;599;064033820674;9;0;0;0;0;0;0;1;0;1
2003 38 2;600;064033741144;9;0;1;0;0;0;0;1;0;0
2003 38 2;601;064033910753;6;0;0;0;0;1;0;0;0;1
2003 38 2;602;064033910754;6;0;0;0;0;1;0;0;0;1
2003 38 2;603;064033910750;6;0;0;0;0;1;0;0;0;1
2003 38 2;604;064033850650;6;0;0;0;0;0;0;1;0;1
2003 38 2;605;064033910724;6;0;0;0;0;1;0;0;0;1
2003 38 2;606;064033910749;6;0;0;0;0;1;0;0;0;1
2003 38 2;607;064033910710;6;0;0;0;0;1;0;0;0;1
2003 38 2;608;064033850431;6;0;0;0;0;0;0;1;0;1
2003 38 2;609;064033910752;6;0;0;0;0;1;0;0;0;1
2003 38 2;610;064033910713;6;0;0;0;0;1;0;0;0;1
2003 38 2;611;064033910711;6;0;0;0;0;1;0;0;0;1
2003 38 2;612;064033910719;6;0;0;0;0;1;0;0;0;1
2003 38 2;613;064033850427;6;0;0;0;0;0;0;1;0;1
2003 38 2;614;064033910730;6;0;0;0;0;1;0;0;0;1
2003 38 2;615;064033910741;6;0;0;0;0;1;0;0;0;1
2003 38 2;616;064033750810;5;0;0;0;0;0;0;1;0;0
2003 38 2;617;064033810635;5;0;1;0;0;1;0;0;1;0
2003 38 2;618;064033850580;5;0;0;0;0;1;0;0;0;1
2003 38 2;619;064033750784;5;0;0;0;0;0;0;1;0;0
2003 38 2;620;064033850749;5;0;1;0;0;1;0;0;0;1
2003 38 2;621;064033850027;5;0;0;1;0;0;0;1;0;1
2003 38 2;622;064033810956;5;0;0;0;0;1;0;0;0;0
2003 38 2;623;064033850756;5;0;1;0;0;1;0;0;0;1
2003 38 2;624;064033850835;5;0;0;0;0;0;0;1;0;1
2003 38 2;625;064033810859;5;0;1;0;0;1;0;0;0;0
2003 38 2;626;064033850781;5;0;0;0;0;0;0;1;0;1
2003 38 2;627;064033850283;5;0;1;0;0;1;0;0;0;1
2003 38 2;628;064033810811;5;0;0;0;0;1;0;0;0;0
2003 38 2;629;064033830356;5;0;0;0;0;0;0;1;0;0
2003 38 2;630;064033810629;5;0;1;0;0;1;0;0;1;0
2003 38 2;631;064033820963;11;0;0;1;0;0;0;1;0;1
2003 38 2;632;064033750893;11;0;0;0;0;0;0;1;0;0
2003 38 2;633;064033820913;11;0;0;0;0;0;0;1;0;1
2003 38 2;634;064033810927;11;0;1;0;0;1;0;0;0;0
2003 38 2;635;064033810523;11;1;0;0;0;1;0;0;0;1
2003 38 2;636;064033750924;11;0;0;0;0;0;0;1;0;0
2003 38 2;637;064033820918;11;0;0;0;0;0;0;1;0;1
2003 38 2;638;064033750777;11;0;0;1;0;1;0;0;0;0
2003 38 2;639;064033910798;11;0;0;0;0;0;0;1;0;1
2003 38 2;640;064033830739;11;0;0;0;0;0;0;1;0;0
2003 38 2;641;064033750960;11;0;0;1;0;0;0;1;0;0
2003 38 2;642;064033830743;11;0;0;0;0;0;0;1;0;0
2003 38 2;643;064033811043;11;0;1;0;0;1;0;0;1;0
2003 38 2;644;064033820781;11;0;0;0;0;0;0;1;0;1
2003 38 2;645;064033810546;11;0;0;1;0;1;0;0;0;0
2003 38 2;646;064033840692;1;0;0;0;0;0;0;1;0;1
2003 38 2;647;064033840677;1;0;0;0;0;0;0;1;0;1
2003 38 2;648;064033840029;1;0;0;0;0;0;0;1;0;0
2003 38 2;649;064033850778;1;0;0;0;0;0;0;1;0;1
2003 38 2;650;064033850782;1;0;0;0;0;0;0;1;0;1
2003 38 2;651;064033910488;1;0;0;0;0;1;0;0;0;1
2003 38 2;652;064033750765;1;1;1;0;0;0;0;1;0;1
2003 38 2;653;064033850729;1;0;0;0;0;0;0;1;0;1
2003 38 2;654;064033910680;1;0;0;0;0;0;0;1;0;0
2003 38 2;655;064033850064;1;0;0;0;0;0;0;1;0;1
2003 38 2;656;064033810967;1;0;0;1;0;1;0;0;0;1
2003 38 2;657;064033850063;1;0;0;0;0;0;0;1;0;1
2003 38 2;658;064033850430;1;0;0;0;0;0;0;1;0;1
2003 38 2;659;064033810853;1;0;1;0;0;0;0;1;0;1
2003 38 2;660;064033850573;1;0;0;0;0;0;0;1;0;1
2003 38 2;661;064033750086;2;1;1;0;0;1;0;0;0;0
2003 38 2;662;064033820922;2;0;0;0;0;0;0;1;0;1
2003 38 2;663;064033811017;2;0;1;0;0;1;0;0;1;0
2003 38 2;664;064033750909;2;0;0;1;0;0;0;1;0;0
2003 38 2;665;064033850819;2;0;1;0;0;1;0;0;0;1
2003 38 2;666;064033810983;2;0;0;0;0;1;0;0;0;0
2003 38 2;667;064033741164;2;0;1;0;0;0;0;1;0;0
2003 38 2;668;064033810512;2;1;0;0;0;1;0;0;0;0
2003 38 2;669;064033750928;2;0;0;0;0;0;0;1;0;0
2003 38 2;670;064033810946;2;0;1;0;0;1;0;0;1;0
2003 38 2;671;064033810886;2;0;0;0;0;1;0;0;0;0
2003 38 2;672;064033830605;2;0;0;0;0;0;0;1;0;1
2003 38 2;673;064033750719;2;1;1;0;0;0;0;1;0;1
2003 38 2;674;064033810664;2;0;0;1;0;1;0;0;0;0
2003 38 2;675;064033810961;2;0;1;0;0;1;0;0;1;0
2003 38 2;676;064033850777;5;0;0;0;0;0;0;1;0;1
2003 38 2;677;064033850020;5;0;0;0;0;0;0;1;0;0
2003 38 2;678;064033811048;5;0;0;0;0;1;0;0;0;0
2003 38 2;679;064033810895;5;0;1;0;0;1;0;0;0;0
2003 38 2;680;064033850611;5;0;0;0;0;0;0;1;0;1
2003 38 2;681;064033810856;5;0;1;0;0;1;0;0;0;0
2003 38 2;682;064033750831;5;1;0;0;0;0;0;1;0;1
2003 38 2;683;064033810845;5;0;0;0;0;1;0;0;0;0
2003 38 2;684;064033810857;5;0;1;0;0;1;0;0;0;0
2003 38 2;685;064033850606;5;0;0;0;0;0;0;1;0;1
2003 38 2;686;064033810646;5;0;1;0;0;1;0;0;1;0
2003 38 2;687;064033810714;5;0;0;0;0;0;0;1;0;0
2003 38 2;688;064033910721;6;0;0;0;0;1;0;0;0;1
2003 38 2;689;064033910732;6;0;0;0;0;1;0;0;0;1
2003 38 2;690;064033850649;6;0;0;0;0;0;0;1;0;1
2003 38 2;691;064033910751;6;0;0;0;0;1;0;0;0;1
2003 38 2;692;064033910735;6;0;0;0;0;1;0;0;0;1
2003 38 2;693;064033910716;6;0;0;0;0;1;0;0;0;1
2003 38 2;694;064033910726;6;0;0;0;0;1;0;0;0;1
2003 38 2;695;064033910737;6;0;0;0;0;1;0;0;0;1
2003 38 2;696;064033910740;6;0;0;0;0;1;0;0;0;1
2003 38 2;697;064033910755;6;0;0;0;0;1;0;0;0;1
2003 38 2;698;064033910742;6;0;0;0;0;1;0;0;0;1
2003 38 2;699;064033750911;6;1;0;0;0;0;0;1;0;1
2003 38 2;700;064033910510;6;0;0;0;0;1;0;0;0;1
2003 38 2;701;064033420019;8;0;0;0;0;1;1;0;0;0
2003 38 2;702;064033740024;8;0;1;0;1;0;0;1;0;0
2003 38 2;703;064033810540;8;0;0;1;0;1;0;0;0;0
2003 38 2;704;064033810589;8;0;1;0;0;1;0;0;1;0
2003 38 2;705;064033750959;8;0;0;0;0;0;0;1;0;0
2003 38 2;706;064033741153;8;0;1;0;0;0;0;1;0;0
2003 38 2;707;064033811007;8;0;0;0;0;1;0;0;0;0
2003 38 2;708;064033740023;8;0;1;0;1;0;0;1;0;0
2003 38 2;709;064033750748;8;0;0;0;0;0;0;1;0;0
2003 38 2;710;064033810453;8;0;1;0;0;1;0;0;1;0
2003 38 2;711;064033810539;8;0;0;1;0;1;0;0;0;0
2003 38 2;712;064033741157;8;0;1;0;0;0;0;1;0;0
2003 38 2;713;064033420021;8;0;0;0;0;1;1;0;0;0
2003 38 2;714;064033740025;8;0;1;0;1;0;0;1;0;0
2003 38 2;715;064033420024;8;0;0;0;0;1;1;0;0;0
2003 38 2;716;064033850536;1;0;0;0;0;0;0;1;0;1
2003 38 2;717;064033810738;1;0;1;0;0;0;0;1;0;1
2003 38 2;718;064033850428;1;0;0;0;0;0;0;1;0;1
2003 38 2;719;064033910635;1;0;0;0;0;0;0;1;0;1
2003 38 2;720;064033810619;1;1;0;1;0;1;0;0;0;0
2003 38 2;721;064033830657;7;0;0;0;0;0;0;1;0;1
2003 38 2;722;064033830682;7;0;0;0;0;0;0;1;0;1
2003 38 2;723;064033830628;7;0;0;0;0;0;0;1;0;1
2003 38 2;724;064033830632;7;0;0;0;0;0;0;1;0;1
2003 38 2;725;064033830630;7;0;0;0;0;0;0;1;0;1
2003 38 2;726;064033830633;7;0;0;0;0;0;0;1;0;1
2003 38 2;727;064033830625;7;0;0;0;0;0;0;1;0;1
2003 38 2;728;064033830636;7;0;0;0;0;0;0;1;0;1
2003 38 2;729;064033810740;7;0;1;0;0;0;0;1;0;1
2003 38 2;730;064033830626;7;0;0;0;0;1;0;0;0;1
2003 38 2;731;064033830685;7;0;0;0;0;0;0;1;0;1
2003 38 2;732;064033830665;7;0;0;0;0;0;0;1;0;1
2003 38 2;733;064033830656;7;0;0;0;0;0;0;1;0;1
2003 38 2;734;064033830667;7;0;0;0;0;0;0;1;0;1
2003 38 2;735;064033830687;7;0;0;0;0;0;0;1;0;1
2003 38 2;736;064033810965;3;0;0;0;0;1;0;0;0;0
2003 38 2;737;064033820680;3;0;0;0;0;0;0;1;0;1
2003 38 2;738;064033820683;3;0;0;0;0;0;0;1;0;1
2003 38 2;739;064033810557;3;0;0;0;0;1;0;0;0;0
2003 38 2;740;064033820589;3;0;0;0;0;0;0;1;0;1
2003 38 2;741;064033820932;3;0;0;1;0;0;0;1;0;1
2003 38 2;742;064033750865;3;0;0;0;0;0;0;1;0;0
2003 38 2;743;064033830692;3;0;0;0;0;1;0;0;0;1
2003 38 2;744;064033820602;3;0;0;0;0;0;0;1;0;1
2003 38 2;745;064033820593;3;0;0;0;0;0;0;1;0;1
2003 38 2;746;064033740735;3;0;1;0;0;0;0;1;0;0
2003 38 2;747;064033820599;3;0;0;0;0;0;0;1;0;1
2003 38 2;748;064033810766;3;0;0;0;0;1;0;0;0;0
2003 38 2;749;064033820579;3;0;0;0;0;0;0;1;0;1
2003 38 2;750;064033820498;3;0;0;0;0;0;0;1;0;1
2003 38 2;751;064033740778;10;1;0;1;0;0;0;1;0;0
2003 38 2;752;064033810865;10;0;1;0;0;1;0;0;0;0
2003 38 2;753;064033820558;10;0;0;0;0;0;0;1;0;1
2003 38 2;754;064033850603;10;0;0;0;0;1;0;0;0;1
2003 38 2;755;064033810030;10;0;1;0;0;1;0;0;1;0
2003 38 2;756;064033820560;10;0;0;0;0;0;0;1;0;1
2003 38 2;757;064033810869;10;0;0;0;0;1;0;0;0;0
2003 38 2;758;064033840708;10;0;0;1;0;1;0;0;0;1
2003 38 2;759;064033740968;10;1;0;0;0;0;0;1;0;0
2003 38 2;760;064033810866;10;0;1;0;0;1;0;0;0;0
2003 38 2;761;064033820559;10;0;0;0;0;0;0;1;0;1
2003 38 2;762;064033750917;10;0;0;0;0;0;0;1;0;0
2003 38 2;763;064033810910;10;0;0;0;0;1;0;0;0;0
2003 38 2;764;064033810732;10;0;0;0;0;1;0;0;0;0
2003 38 2;765;064033750833;10;0;0;1;0;0;0;1;0;0
2003 38 2;766;064033820499;9;0;0;0;0;0;0;1;0;1
2003 38 2;767;064033820500;9;0;0;0;0;0;0;1;0;1
2003 38 2;768;064033810516;9;0;1;0;0;1;0;0;1;0
2003 38 2;769;064033830655;9;0;0;0;0;0;0;1;0;1
2003 38 2;770;064033740658;9;0;1;0;0;0;0;1;0;0
2003 38 2;771;064033830681;9;0;0;0;0;0;0;1;0;1
2003 38 2;772;064033820737;9;0;1;0;0;0;0;1;0;0
2003 38 2;773;064033850483;9;0;0;0;0;1;0;0;0;1
2003 38 2;774;064033830744;9;0;0;0;0;0;0;1;0;0
2003 38 2;775;064033810555;9;0;1;0;0;1;0;0;1;0
2003 38 2;776;064033830672;9;0;0;0;0;0;0;1;0;1
2003 38 2;777;064033840057;9;0;0;0;0;0;0;1;0;1
2003 38 2;778;064033830745;9;0;0;0;0;0;0;1;0;0
2003 38 2;779;064033907065;9;0;1;0;0;1;0;0;0;1
2003 38 2;780;064033850728;9;0;0;0;0;0;0;1;0;1
2003 38 2;781;064033610849;8;0;0;0;0;1;1;0;0;0
2003 38 2;782;064033740021;8;0;1;0;1;0;0;1;0;0
2003 38 2;783;064033810533;8;0;0;1;0;1;0;0;0;0
2003 38 2;784;064033520064;8;0;0;0;0;1;1;0;0;0
2003 38 2;785;064033740022;8;0;1;0;1;0;0;1;0;0
2003 38 2;786;064033810021;8;0;1;0;0;1;0;0;1;0
2003 38 2;787;064033610725;8;0;0;0;0;1;1;0;0;0
2003 38 2;788;064033830640;7;0;0;0;0;0;0;1;0;1
2003 38 2;789;064034020673;7;0;0;0;0;0;0;1;0;1
2003 38 2;790;064033810547;11;0;0;1;0;1;0;0;0;0
2003 38 2;791;064033820965;11;1;0;0;0;0;0;1;0;1
2003 38 2;792;064033810545;11;0;0;1;0;1;0;0;0;0
2003 38 2;793;064033850604;11;0;0;0;0;1;0;0;0;1
2003 38 2;794;064033830740;11;0;0;0;0;0;0;1;0;0
2003 38 2;795;064033830742;11;0;0;0;0;0;0;1;0;0
2003 38 2;796;064033830741;11;0;0;0;0;0;0;1;0;0
2003 38 2;797;064033810543;11;0;0;1;0;1;0;0;0;0
2003 38 2;798;064033820507;11;0;0;0;0;0;0;1;0;1
2003 38 2;799;064033850017;11;0;0;0;0;0;0;1;0;1
2003 38 2;800;064033810972;11;0;1;0;0;1;0;0;1;0
2003 38 2;801;064033910419;11;0;0;0;0;1;0;0;0;1
2003 38 2;802;064033811027;11;1;1;0;0;0;0;1;0;1
2003 38 2;803;064033810544;11;0;0;1;0;1;0;0;0;0
2003 38 2;804;064033830689;3;0;0;0;0;0;0;1;0;1
2003 38 2;805;064033830649;3;0;0;0;0;0;0;1;0;1
2003 38 2;806;064033907069;3;0;1;0;0;1;0;0;0;0
2003 38 2;807;064033830629;3;0;0;0;0;0;0;1;0;1
2003 38 2;808;064033810617;3;0;1;0;0;0;0;1;0;1
2003 38 2;809;064033830643;3;0;0;0;0;0;0;1;0;1
2003 38 2;810;064033810548;3;0;0;1;0;1;0;0;0;0
2003 38 2;811;064033830673;3;0;0;0;0;0;0;1;0;1
2003 38 2;812;064033810930;12;0;1;0;0;1;0;0;1;0
2003 38 2;813;064033820924;12;0;0;0;0;0;0;1;0;0
2003 38 2;814;064033820890;12;0;0;0;0;0;0;1;0;1
2003 38 2;815;064033741161;12;0;0;0;0;0;0;1;0;0
2003 38 2;816;064033810882;12;0;0;0;0;1;0;0;0;0
2003 38 2;817;064033830753;12;0;0;1;0;0;0;1;0;1
2003 38 2;818;064033820770;12;0;0;0;0;0;0;1;0;0
2003 38 2;819;064033820883;12;0;0;0;0;0;0;1;0;1
2003 38 2;820;064033810935;12;0;1;0;0;0;0;1;0;1
2003 38 2;821;064033810883;12;0;0;0;0;1;0;0;0;0
2003 38 2;822;064033751048;12;0;0;0;0;0;0;1;0;0
2003 38 2;823;064033810733;12;0;0;0;0;1;0;0;0;0
2003 38 2;824;064033810934;12;0;1;0;0;1;0;0;1;0
2003 38 2;825;064033820855;12;0;0;0;0;0;0;1;0;1
2003 38 2;826;064033810808;12;0;0;0;0;1;0;0;0;0
2003 38 2;827;064033810947;2;0;1;0;0;1;0;0;1;0
2003 38 2;828;064033750832;2;0;0;0;0;0;0;1;0;0
2003 38 2;829;064033750029;2;1;0;1;0;1;0;0;0;0
2003 38 2;830;064033810873;2;0;1;0;0;1;0;0;0;0
2003 38 2;831;064033840801;2;0;0;0;0;0;0;1;0;0
2003 38 2;832;064033430338;2;0;0;0;0;1;1;0;0;1
2003 38 2;833;064033811031;2;0;1;0;0;0;0;1;0;1
2003 38 2;834;064033810830;2;0;0;0;0;1;0;0;0;0
2003 38 2;835;064033750948;2;0;1;0;0;0;0;1;0;1
2003 38 2;836;064033840688;2;0;0;0;0;0;0;1;0;1
2003 38 2;837;064033810554;2;0;1;0;0;1;0;0;1;0
2003 38 2;838;064033820880;2;1;0;0;0;0;0;1;0;1
2003 38 2;839;064033810590;2;0;1;0;0;1;0;0;1;0
2003 38 2;840;064033810551;10;0;0;1;0;1;0;0;0;0
2003 38 2;841;064033830359;10;0;0;0;0;0;0;1;0;1
2003 38 2;842;064033810867;10;0;1;0;0;1;0;0;0;0
2003 38 2;843;064033810519;10;0;0;0;0;1;0;0;0;0
2003 38 2;844;064033850659;10;0;0;0;0;0;0;1;0;1
2003 38 2;845;064033810529;10;0;1;0;0;1;0;0;0;0
2003 38 2;846;064033740756;10;1;0;0;0;0;0;1;0;0
2003 38 2;847;064033810032;4;0;0;1;0;1;0;0;0;0
2003 38 2;848;064033750709;4;0;0;0;0;1;0;0;0;0
2003 38 2;849;064033750714;4;0;0;0;0;1;0;0;0;0
2003 38 2;850;064033750626;4;0;0;0;0;1;0;0;0;0
2003 38 2;851;064033750910;4;0;0;1;0;0;0;1;0;0
2003 38 2;852;064033810977;4;0;1;0;0;1;0;0;1;0
2003 38 2;853;064033811071;4;0;0;0;0;1;0;0;0;1
2003 38 2;854;064033810716;4;1;0;0;0;1;0;0;0;1
2003 38 2;855;064033810908;4;0;0;0;0;1;0;0;0;0
2003 38 2;856;064033810968;4;0;0;1;0;1;0;0;0;0
2003 38 2;857;064033810847;4;0;0;0;0;1;0;0;0;0
2003 38 2;858;064033850426;4;0;0;0;0;1;0;0;0;1
2003 38 2;859;064033810651;4;0;0;0;0;1;0;0;0;0
2003 38 2;860;064033811076;4;0;0;1;0;1;0;0;0;0
2003 38 2;861;064033830358;12;0;0;0;0;0;0;1;0;0
2003 38 2;862;064033910559;12;0;0;0;0;0;0;1;0;1
2003 38 2;863;064033830026;12;0;0;0;0;0;0;1;0;0
2003 38 2;864;064033811044;12;0;1;0;0;1;0;0;1;0
2003 38 2;865;064033750789;13;1;0;0;0;0;0;1;0;0
2003 38 2;866;064033750786;13;1;0;0;0;0;0;1;0;0
2003 38 2;867;064033750790;13;1;0;0;0;0;0;1;0;0
2003 38 2;868;064033840914;13;0;0;0;0;0;0;1;0;1
2003 38 2;869;064033630334;13;0;0;0;0;1;0;0;0;0
2003 38 2;870;064033850779;13;0;0;0;0;0;0;1;0;1
2003 38 2;871;064033810920;13;0;0;0;0;1;0;0;0;0
2003 38 2;872;064033850776;13;0;0;0;0;0;0;1;0;1
2003 38 2;873;064033750787;13;1;0;0;0;0;0;1;0;0
2003 38 2;874;064033750788;13;1;0;0;0;0;0;1;0;0
2003 38 2;875;064033806803;14;1;0;1;0;1;0;0;0;0

