Date;SeqRank;Ident;Paint Color;HPRC1;HPRC2;HPRC3;HPRC4;HPRC5;LPRC1;LPRC2;LPRC3;LPRC4;LPRC5;LPRC6;LPRC7;LPRC8
2003 38 2;1247;024033750145;1;1;0;1;0;0;0;0;0;0;1;0;0;0
2003 38 2;1248;024033531425;1;1;0;1;0;0;0;0;0;1;0;0;1;0
2003 38 2;1249;024033750012;2;0;0;0;1;0;0;0;0;0;0;1;0;0
2003 38 2;1250;024033740447;2;1;0;1;0;0;0;0;0;0;0;0;0;0
2003 38 2;1251;024033810259;2;1;0;0;0;0;0;0;0;0;0;0;1;0
2003 38 2;1252;024033720177;2;0;0;0;0;1;0;0;0;0;0;0;0;0
2003 38 2;1253;024033730241;2;1;0;1;0;0;0;0;0;0;1;0;0;0
2003 38 2;1254;024033750229;3;1;0;0;0;0;1;0;0;0;0;0;0;0
2003 38 2;1255;024033740538;3;0;0;1;1;0;0;0;0;1;0;0;0;0
2003 38 2;1256;024033750438;3;1;0;0;0;0;0;0;0;0;0;0;0;0
2003 38 2;1257;024033650501;3;1;0;1;0;0;0;1;0;1;0;1;0;1
2003 38 2;1258;024032011057;3;0;0;0;0;1;0;0;0;0;0;0;0;0
2003 38 2;1259;024033740618;4;1;0;1;0;0;0;0;0;0;0;0;0;0
2003 38 2;1260;024033710526;4;1;0;1;0;0;0;0;0;1;0;0;0;0
2003 38 3;1;024033810105;5;0;0;1;1;0;0;0;0;0;0;0;0;0
2003 38 3;2;024033810572;5;0;0;1;0;1;0;0;0;0;0;0;1;0
2003 38 3;3;024033810229;5;1;0;0;0;0;1;0;0;0;0;0;0;0
2003 38 3;4;024033750651;5;0;1;1;0;0;0;0;0;0;0;0;0;0
2003 38 3;5;024033710355;6;1;0;1;0;0;0;0;0;0;1;0;0;0
2003 38 3;6;024033710165;6;1;0;0;0;0;0;0;0;0;0;1;1;0
2003 38 3;7;024033810989;6;0;0;1;1;0;0;0;0;0;0;0;0;0
2003 38 3;8;024033710332;7;1;0;1;0;0;0;0;0;1;0;0;0;0
2003 38 3;9;024033750487;7;1;0;0;0;0;0;0;0;0;0;0;0;0
2003 38 3;10;024033811431;7;0;0;0;0;1;0;0;0;0;0;0;0;0
2003 38 3;11;024033750877;7;1;0;1;0;0;0;0;0;0;0;0;0;0
2003 38 3;12;024033710145;8;1;0;1;0;0;0;0;0;1;0;0;0;0
2003 38 3;13;024033720032;8;0;0;0;1;0;0;0;1;0;0;0;0;0
2003 38 3;14;024033710270;8;1;0;1;0;0;0;0;0;1;0;0;0;0
2003 38 3;15;024033710903;8;1;0;1;0;0;0;1;0;0;1;1;0;1
2003 38 3;16;024033811182;8;0;0;0;0;1;0;0;0;0;0;0;0;0
2003 38 3;17;024033710331;8;1;0;1;0;0;0;0;0;1;0;0;0;0
2003 38 3;18;024033810170;2;1;0;0;0;0;1;0;0;0;0;0;1;0
2003 38 3;19;024033750649;5;0;1;1;0;0;0;0;0;0;0;0;0;0
2003 38 3;20;024033610275;5;1;0;1;0;0;0;0;0;0;0;0;0;0
2003 38 3;21;024033811188;5;0;0;0;0;1;0;0;0;0;0;0;0;0
2003 38 3;22;024033710221;9;1;0;1;0;0;0;0;0;1;0;0;0;0
2003 38 3;23;024033630455;9;1;0;0;0;0;0;0;0;0;0;1;1;0
2003 38 3;24;024033810148;10;0;0;1;1;0;0;0;0;0;0;0;0;0
2003 38 3;25;024033710195;9;1;0;1;0;0;0;0;0;1;0;0;0;0
2003 38 3;26;024033810760;9;1;0;0;0;0;0;0;0;0;1;0;0;0
2003 38 3;27;024033811311;9;0;0;1;0;1;0;0;0;0;0;0;0;0
2003 38 3;28;024033710256;9;1;0;1;0;0;0;0;0;1;0;0;0;0
2003 38 3;29;024033811254;9;1;0;0;0;0;1;0;0;0;0;0;0;0
2003 38 3;30;024033810934;9;0;0;1;1;0;0;0;0;0;0;0;0;0
2003 38 3;31;024033720684;9;1;0;1;0;0;0;0;0;1;0;0;0;0
2003 38 3;32;024033811301;7;0;0;0;0;1;0;0;0;0;0;0;0;0
2003 38 3;33;024033730198;7;1;0;1;0;0;0;0;0;0;1;1;0;0
2003 38 3;34;024033750409;7;1;0;0;0;0;0;0;0;0;0;0;0;0
2003 38 3;35;024033750642;5;0;1;1;0;0;0;0;0;0;0;0;0;0
2003 38 3;36;024033750044;5;1;0;1;0;0;0;0;0;0;0;0;0;0
2003 38 3;37;024033811185;7;0;0;0;0;1;0;0;0;0;0;0;0;0
2003 38 3;38;024033710114;7;1;0;1;0;0;0;0;0;1;0;0;0;0
2003 38 3;39;024033730196;7;1;0;1;0;0;0;0;0;0;1;1;0;0
2003 38 3;40;024033810449;7;0;0;0;1;0;0;1;0;0;0;0;0;1
2003 38 3;41;024033531448;7;1;0;1;0;0;0;0;0;1;0;0;1;0
2003 38 3;42;024033750839;7;1;0;1;0;0;0;0;0;0;0;0;0;0
2003 38 3;43;024033811181;7;0;0;0;0;1;0;0;0;0;0;0;0;0
2003 38 3;44;024033710115;7;1;0;1;0;0;0;0;0;1;0;0;0;0
2003 38 3;45;024033730166;7;1;0;1;0;0;0;0;0;0;1;1;0;0
2003 38 3;46;024033811387;11;0;0;0;1;0;0;0;0;0;0;0;1;0
2003 38 3;47;024033811228;11;1;0;0;0;0;0;0;0;0;0;0;0;0
2003 38 3;48;024033821292;9;0;0;1;0;1;0;0;0;0;0;0;0;0
2003 38 3;49;024033710143;9;1;0;1;0;0;0;0;0;1;0;0;0;0
2003 38 3;50;024033810679;9;1;0;0;0;0;1;0;0;0;0;0;0;0
2003 38 3;51;024033750640;9;0;1;1;0;0;0;0;0;0;0;0;0;0
2003 38 3;52;024033720252;9;1;0;1;0;0;0;0;0;1;0;0;0;0
2003 38 3;53;024033811378;7;0;0;0;1;0;0;0;0;0;0;0;1;0
2003 38 3;54;024033730167;7;1;0;1;0;0;0;0;0;0;1;1;0;0
2003 38 3;55;024033710174;7;1;0;1;0;0;0;0;0;1;0;0;0;0
2003 38 3;56;024033811180;7;0;0;0;0;1;0;0;0;0;0;0;0;0
2003 38 3;57;024033750724;7;1;0;1;0;0;0;0;0;0;0;0;0;0
2003 38 3;58;024033730533;7;1;0;1;0;0;0;1;0;1;0;0;0;1
2003 38 3;59;024033821284;11;0;0;0;1;0;0;0;0;0;0;0;1;0
2003 38 3;60;024033730381;11;1;0;1;0;0;0;0;0;0;0;0;0;0
2003 38 3;61;024033720592;11;1;0;1;0;0;0;0;0;0;0;1;0;0
2003 38 3;62;024033810657;11;0;0;0;0;1;0;0;0;0;0;0;0;0
2003 38 3;63;024033750584;11;1;0;1;0;0;0;0;0;0;0;0;0;0
2003 38 3;64;024033710133;7;1;0;1;0;0;0;0;0;1;0;0;0;0
2003 38 3;65;024033810903;7;0;0;0;1;0;0;0;0;0;0;0;0;0
2003 38 3;66;024033710224;7;1;0;1;0;0;0;0;0;1;0;0;0;0
2003 38 3;67;024033810843;3;0;0;0;0;1;0;0;0;0;0;0;0;0
2003 38 3;68;024033730164;3;1;0;1;0;0;0;0;0;0;1;1;0;0
2003 38 3;69;024033810176;6;1;0;0;0;0;1;0;0;0;0;0;1;0
2003 38 3;70;024033750646;5;0;1;1;0;0;0;0;0;0;0;0;0;0
2003 38 3;71;024033750293;5;1;0;1;0;0;0;0;0;0;0;0;0;0
2003 38 3;72;024033811225;5;1;0;0;0;0;0;0;0;0;0;0;0;0
2003 38 3;73;024033810589;5;0;0;1;0;1;0;0;0;0;0;0;1;0
2003 38 3;74;024033720213;10;1;0;1;0;0;0;0;0;1;0;0;0;0
2003 38 3;75;024033820085;10;0;0;0;1;0;0;0;0;0;0;0;1;0
2003 38 3;76;024033730250;9;1;0;1;0;0;0;0;0;0;1;1;0;0
2003 38 3;77;024033720296;9;1;0;1;0;0;0;0;0;1;0;0;0;0
2003 38 3;78;024033811436;9;0;0;0;0;1;0;0;0;0;0;0;0;0
2003 38 3;79;024033720250;9;1;0;1;0;0;0;0;0;1;0;0;0;0
2003 38 3;80;024033750560;9;1;0;1;0;0;0;0;0;0;0;0;0;0
2003 38 3;81;024033810111;7;0;0;0;1;0;0;0;0;0;0;0;0;0
2003 38 3;82;024033710147;7;1;0;1;0;0;0;0;0;1;0;0;0;0
2003 38 3;83;024033810338;7;0;0;0;0;1;0;0;0;0;0;0;0;0
2003 38 3;84;024033730193;7;1;0;1;0;0;0;0;0;0;1;1;0;0
2003 38 3;85;024033703735;7;1;0;0;0;0;0;0;0;0;0;0;1;0
2003 38 3;86;024033750010;10;0;1;1;0;0;0;0;0;0;0;0;0;0
2003 38 3;87;024033720347;10;1;0;1;0;0;0;0;0;1;0;0;0;0
2003 38 3;88;024033740599;7;1;0;0;0;0;1;0;0;0;0;0;0;0
2003 38 3;89;024033810496;7;0;0;1;1;0;0;0;0;0;0;0;0;0
2003 38 3;90;024033703736;7;1;0;0;0;0;0;0;0;0;0;0;1;0
2003 38 3;91;024033811322;7;0;0;1;0;1;0;1;0;0;0;0;0;0
2003 38 3;92;024033730177;7;1;0;1;0;0;0;0;0;0;1;1;0;0
2003 38 3;93;024033810020;7;1;0;0;0;0;0;0;0;0;0;0;0;0
2003 38 3;94;024033531447;7;1;0;1;0;0;0;0;0;1;0;0;1;0
2003 38 3;95;024033750482;7;1;0;1;0;0;0;0;0;0;0;0;0;0
2003 38 3;96;024033810353;7;0;0;0;0;1;0;0;0;0;0;0;0;0
2003 38 3;97;024033710138;1;1;0;1;0;0;0;1;0;1;0;0;0;1
2003 38 3;98;024033750847;1;1;0;1;0;0;0;0;0;0;0;0;0;0
2003 38 3;99;024033810104;1;0;0;0;1;0;0;0;0;0;0;0;0;0
2003 38 3;100;024033720014;1;1;0;1;0;0;0;0;0;1;0;0;0;0
2003 38 3;101;024033730238;1;1;0;1;0;0;0;0;0;0;1;1;0;0
2003 38 3;102;024033811316;1;0;0;0;0;1;0;0;0;0;0;0;0;0
2003 38 3;103;024033720204;9;1;0;1;0;0;0;0;0;1;0;0;0;0
2003 38 3;104;024033750404;9;1;0;1;0;0;0;0;0;0;0;0;0;0
2003 38 3;105;024033811329;9;0;0;0;1;0;0;0;0;0;0;0;1;0
2003 38 3;106;024033720320;9;1;0;1;0;0;0;0;0;1;0;0;0;0
2003 38 3;107;024033750616;9;1;0;1;0;0;0;0;0;0;0;0;0;0
2003 38 3;108;024033811192;9;0;0;0;0;1;0;0;0;0;0;0;0;0
2003 38 3;109;024033531503;9;1;0;1;0;0;0;0;0;1;0;0;1;0
2003 38 3;110;024033730247;9;1;0;1;0;0;0;0;0;0;1;1;0;0
2003 38 3;111;024033810414;9;0;0;0;1;0;0;0;0;0;0;0;0;0
2003 38 3;112;024033720198;9;1;0;1;0;0;0;0;0;1;0;0;0;0
2003 38 3;113;024033750661;5;0;1;1;0;0;0;0;0;0;0;0;0;0
2003 38 3;114;024033750621;9;1;0;0;0;0;0;0;0;0;0;0;0;0
2003 38 3;115;024033811305;9;0;0;1;0;1;0;0;0;0;0;0;0;0
2003 38 3;116;024033720292;9;1;0;1;0;0;0;0;0;1;0;0;0;0
2003 38 3;117;024033810680;9;1;0;0;0;0;1;0;0;0;0;0;0;0
2003 38 3;118;024033810143;5;0;0;1;1;0;0;0;0;0;0;0;0;0
2003 38 3;119;024033730194;7;1;0;1;0;0;0;0;0;0;1;1;0;0
2003 38 3;120;024033811125;7;1;0;0;0;0;0;0;0;0;0;0;0;0
2003 38 3;121;024033531492;7;1;0;1;0;0;0;0;0;1;0;0;1;0
2003 38 3;122;024033811365;7;0;0;0;0;1;0;1;0;0;0;0;0;0
2003 38 3;123;024033710272;7;1;0;1;0;0;0;0;0;1;0;0;0;0
2003 38 3;124;024033821301;7;0;0;0;1;0;0;0;0;0;0;0;1;0
2003 38 3;125;024033710222;7;1;0;1;0;0;0;0;0;1;0;0;0;0
2003 38 3;126;024033740158;12;1;0;1;0;0;0;0;0;0;1;1;0;0
2003 38 3;127;024033811210;12;0;0;0;0;1;0;0;0;0;0;0;0;0
2003 38 3;128;024033710281;12;1;0;1;0;0;0;0;0;1;0;0;0;0
2003 38 3;129;024033810728;12;1;0;0;0;0;0;0;0;0;1;0;0;0
2003 38 3;130;024033750648;5;0;1;1;0;0;0;0;0;0;0;0;0;0
2003 38 3;131;024033710261;7;1;0;1;0;0;0;0;0;1;0;0;0;0
2003 38 3;132;024033810349;7;0;0;0;0;1;0;0;0;0;0;0;0;0
2003 38 3;133;024033750893;6;1;0;1;0;0;0;0;0;0;0;0;0;0
2003 38 3;134;024033710301;6;1;0;1;0;0;0;0;0;1;0;0;0;0
2003 38 3;135;024033811344;6;0;0;0;1;0;0;0;0;0;0;0;0;0
2003 38 3;136;024033720489;9;1;0;1;0;0;0;1;0;0;1;1;0;1
2003 38 3;137;024033720415;9;1;0;1;0;0;0;0;0;1;0;0;0;0
2003 38 3;138;024033811187;9;0;0;0;0;1;0;0;0;0;0;0;0;0
2003 38 3;139;024033720330;9;1;0;1;0;0;0;0;1;0;0;0;0;0
2003 38 3;140;024033720593;9;1;0;1;0;0;0;0;0;1;0;0;0;0
2003 38 3;141;024033811373;6;0;0;0;1;0;0;0;0;0;0;0;1;0
2003 38 3;142;024033730172;7;1;0;1;0;0;0;0;0;0;1;1;0;0
2003 38 3;143;024033710328;7;1;0;1;0;0;0;0;0;1;0;0;0;0
2003 38 3;144;024033810325;7;0;0;0;0;1;0;0;0;0;0;0;0;0
2003 38 3;145;024033750496;7;1;0;1;0;0;0;0;0;0;0;0;0;0
2003 38 3;146;024033703733;7;1;0;0;0;0;0;0;0;0;0;0;1;0
2003 38 3;147;024033710294;7;1;0;1;0;0;0;0;0;1;0;0;0;0
2003 38 3;148;024033531401;7;0;0;1;0;1;0;0;0;0;0;0;0;0
2003 38 3;149;024033810189;7;1;0;0;0;0;1;0;0;0;0;0;1;0
2003 38 3;150;024033730201;7;1;0;1;0;0;0;0;0;0;1;1;0;0
2003 38 3;151;024033750656;5;0;1;1;0;0;0;0;0;0;0;0;0;0
2003 38 3;152;024033750043;5;1;0;1;0;0;0;0;0;0;0;0;0;0
2003 38 3;153;024033811415;8;0;0;0;0;1;0;0;0;0;0;0;0;0
2003 38 3;154;024033710230;8;1;0;1;0;0;0;0;0;1;0;0;0;0
2003 38 3;155;024033750419;12;1;0;1;0;0;0;0;0;0;0;0;0;0
2003 38 3;156;024033821313;12;0;0;0;1;0;0;0;0;0;0;0;1;0
2003 38 3;157;024033810729;12;1;0;0;0;0;0;0;0;0;1;0;0;0
2003 38 3;158;024033650260;12;1;0;1;0;0;0;1;0;1;0;1;0;1
2003 38 3;159;024033810564;5;0;0;1;0;1;0;0;0;0;0;0;1;0
2003 38 3;160;024033811196;5;1;0;0;0;0;0;0;0;0;0;0;0;0
2003 38 3;161;024033750541;5;1;0;1;0;0;0;0;0;0;0;0;0;0
2003 38 3;162;024033810132;5;0;0;1;1;0;0;0;0;0;0;0;0;0
2003 38 3;163;024033810759;9;1;0;0;0;0;0;0;0;0;1;0;0;0
2003 38 3;164;024033720215;9;1;0;1;0;0;0;0;0;1;0;0;0;0
2003 38 3;165;024033811413;3;0;0;0;0;1;0;0;0;0;0;0;0;0
2003 38 3;166;024033710330;3;1;0;1;0;0;0;0;0;1;0;0;0;0
2003 38 3;167;024033710345;3;1;0;1;0;0;0;0;0;1;0;0;0;0
2003 38 3;168;024033811414;3;0;0;0;0;1;0;0;0;0;0;0;0;0
2003 38 3;169;024033730165;3;1;0;1;0;0;0;0;0;0;1;1;0;0
2003 38 3;170;024033531422;2;1;0;1;0;0;0;0;0;1;0;0;1;0
2003 38 3;171;024033811358;2;0;0;0;1;0;0;0;0;0;0;0;0;0
2003 38 3;172;024033810697;4;1;0;0;0;0;1;0;0;0;0;0;0;0
2003 38 3;173;024033750650;5;0;1;1;0;0;0;0;0;0;0;0;0;0
2003 38 3;174;024033531426;1;1;0;1;0;0;0;0;0;1;0;0;1;0
2003 38 3;175;024033821334;1;0;0;0;0;1;0;0;0;0;0;0;0;0
2003 38 3;176;024033710871;1;1;0;1;0;0;0;1;0;0;1;1;0;1
2003 38 3;177;024033720242;1;1;0;1;0;0;0;0;0;1;0;0;0;0
2003 38 3;178;024033821266;11;0;0;0;1;0;0;0;0;0;0;0;1;0
2003 38 3;179;024033750466;10;1;0;1;0;0;0;0;0;0;0;0;0;0
2003 38 3;180;024033710220;12;1;0;1;0;0;0;0;0;1;0;0;0;0
2003 38 3;181;024033810724;12;1;0;0;0;0;0;0;0;0;1;0;0;0
2003 38 3;182;024033821327;12;0;0;0;0;1;0;0;0;0;0;0;0;0
2003 38 3;183;024033750574;12;1;0;1;0;0;0;0;0;0;0;0;0;0
2003 38 3;184;024033710134;12;1;0;1;0;0;0;0;0;1;0;0;0;0
2003 38 3;185;024033811359;12;0;0;0;1;0;0;0;0;0;0;0;0;0
2003 38 3;186;024033730222;12;1;0;1;0;0;0;0;0;0;1;1;0;0
2003 38 3;187;024033710269;3;1;0;1;0;0;0;0;0;1;0;0;0;0
2003 38 3;188;024033811406;3;0;0;0;0;1;0;0;0;0;0;0;0;0
2003 38 3;189;024033710163;3;1;0;1;0;0;0;0;0;1;0;0;0;0
2003 38 3;190;024033750538;3;1;0;0;0;0;0;0;0;0;0;0;0;0
2003 38 3;191;024033811377;3;0;0;1;1;0;0;0;0;0;0;0;0;0
2003 38 3;192;024033710290;2;1;0;1;0;0;0;0;0;1;0;0;0;0
2003 38 3;193;024033811269;2;1;0;0;0;0;0;0;0;0;0;0;0;0
2003 38 3;194;024033811368;2;0;0;0;0;1;0;1;0;0;0;0;0;0
2003 38 3;195;024033730169;7;1;0;1;0;0;0;0;0;0;1;1;0;0
2003 38 3;196;024033750662;5;0;1;1;0;0;0;0;0;0;0;0;0;0
2003 38 3;197;024033810207;4;1;0;0;0;0;1;0;0;0;0;0;1;0
2003 38 3;198;024033710511;4;1;0;1;0;0;0;0;0;1;0;0;0;0
2003 38 3;199;024033810667;8;0;0;1;0;1;0;0;0;0;0;0;0;0
2003 38 3;200;024033810038;8;1;0;0;0;0;0;0;0;0;0;0;1;0
2003 38 3;201;024033710113;8;1;0;1;0;0;0;0;0;1;0;0;0;0
2003 38 3;202;024033810103;8;0;0;1;1;0;0;0;0;0;0;0;0;0
2003 38 3;203;024033811060;7;1;0;0;0;0;0;1;0;0;0;0;0;1
2003 38 3;204;024033730186;7;1;0;1;0;0;0;0;0;0;1;1;0;0
2003 38 3;205;024033810327;7;0;0;0;0;1;0;0;0;0;0;0;0;0
2003 38 3;206;024033811255;7;1;0;0;0;0;0;0;0;0;0;0;0;0
2003 38 3;207;024033710329;7;1;0;1;0;0;0;0;0;1;0;0;0;0
2003 38 3;208;024033810497;5;0;0;1;1;0;0;0;0;0;0;0;0;0
2003 38 3;209;024033750732;6;1;0;0;0;0;0;0;0;0;0;0;0;0
2003 38 3;210;024033810750;6;1;0;0;0;0;0;0;0;0;1;0;0;0
2003 38 3;211;024033810659;10;0;0;1;0;1;0;0;0;0;0;0;0;0
2003 38 3;212;024033720214;10;1;0;1;0;0;0;0;0;1;0;0;0;0
2003 38 3;213;024033811146;10;1;0;0;0;0;0;1;0;0;0;0;0;0
2003 38 3;214;024033810127;10;0;1;1;0;0;0;0;0;0;0;0;0;0
2003 38 3;215;024033720467;10;1;0;1;0;0;0;0;0;1;0;0;0;0
2003 38 3;216;024033810665;7;0;0;0;0;1;0;0;0;0;0;0;0;0
2003 38 3;217;024033730199;7;1;0;1;0;0;0;0;0;0;1;1;0;0
2003 38 3;218;024033821250;6;0;0;1;1;0;0;0;0;0;0;0;0;0
2003 38 3;219;024033811343;6;1;0;0;0;0;0;0;0;0;0;0;0;0
2003 38 3;220;024033750885;6;1;0;1;0;0;0;0;0;0;0;0;0;0
2003 38 3;221;024033811421;1;0;0;0;0;1;0;0;0;0;0;0;0;0
2003 38 3;222;024033531428;1;1;0;1;0;0;0;0;0;1;0;0;1;0
2003 38 3;223;024033710172;1;1;0;1;0;0;0;0;0;1;0;0;0;0
2003 38 3;224;024033820398;12;0;0;0;1;0;1;0;0;0;0;0;0;0
2003 38 3;225;024033810716;12;1;0;0;0;0;0;0;0;0;1;0;0;0
2003 38 3;226;024033710273;12;1;0;1;0;0;0;0;0;1;0;0;0;0
2003 38 3;227;024033810600;5;0;0;1;0;1;0;0;0;0;0;0;1;0
2003 38 3;228;024033750733;12;1;0;0;0;0;0;0;0;0;0;0;0;0
2003 38 3;229;024033730221;12;1;0;1;0;0;0;0;0;0;1;1;0;0
2003 38 3;230;024033821312;12;0;0;0;1;0;0;0;0;0;0;0;1;0
2003 38 3;231;024033710622;12;1;0;1;0;0;0;0;0;1;0;0;0;0
2003 38 3;232;024033821341;12;0;0;0;0;1;0;0;0;0;0;0;0;0
2003 38 3;233;024033730233;12;1;0;1;0;0;0;0;0;0;1;1;0;0
2003 38 3;234;024033811163;12;1;0;0;0;0;0;0;0;0;0;0;0;0
2003 38 3;235;024033811315;7;0;0;1;0;1;0;1;0;0;0;0;0;1
2003 38 3;236;024033710135;7;1;0;1;0;0;0;0;0;1;0;0;0;0
2003 38 3;237;024033811137;7;0;0;0;1;0;0;0;0;0;0;0;0;0
2003 38 3;238;024033750612;7;1;0;1;0;0;0;0;0;0;0;0;0;0
2003 38 3;239;024033710356;7;1;0;1;0;0;0;0;0;1;0;0;0;0
2003 38 3;240;024033810323;7;0;0;0;0;1;0;0;0;0;0;0;0;0
2003 38 3;241;024033730175;7;1;0;1;0;0;0;0;0;0;1;1;0;0
2003 38 3;242;024033710227;7;1;0;1;0;0;0;0;0;1;0;0;0;0
2003 38 3;243;024033821320;7;0;0;0;1;0;0;0;0;0;0;0;0;0
2003 38 3;244;024033720362;9;1;0;1;0;0;0;0;0;1;0;0;0;0
2003 38 3;245;024033750022;9;1;0;1;0;0;0;0;0;0;0;0;1;0
2003 38 3;246;024033810844;9;0;0;0;0;1;0;0;0;0;0;0;0;0
2003 38 3;247;024033730129;9;1;0;1;0;0;0;0;0;0;1;1;0;0
2003 38 3;248;024033720186;9;1;0;1;0;0;0;0;0;1;0;0;0;0
2003 38 3;249;024033820108;9;0;0;0;1;0;0;0;0;0;0;0;1;0
2003 38 3;250;024033750570;5;1;0;1;0;0;0;0;0;0;0;0;0;0
2003 38 3;251;024033750645;5;0;1;1;0;0;0;0;0;0;0;0;0;0
2003 38 3;252;024033811221;2;1;0;0;0;0;0;0;0;0;0;0;0;0
2003 38 3;253;024033720241;7;1;0;1;0;0;0;0;0;1;0;0;0;0
2003 38 3;254;024033810354;7;0;0;0;0;1;0;0;0;0;0;0;0;0
2003 38 3;255;024033531450;7;1;0;1;0;0;0;0;0;1;0;0;1;0
2003 38 3;256;024033710862;7;1;0;1;0;0;0;1;0;0;1;1;0;1
2003 38 3;257;024033821319;7;0;0;0;1;0;0;0;0;0;0;0;0;0
2003 38 3;258;024033750430;7;1;0;1;0;0;0;0;0;0;0;0;0;0
2003 38 3;259;024033531440;7;1;0;1;0;0;0;0;0;1;0;0;1;0
2003 38 3;260;024033810345;7;0;0;0;0;1;0;0;0;0;0;0;0;0
2003 38 3;261;024033750173;7;1;0;1;0;0;0;0;0;0;1;0;0;0
2003 38 3;262;024033703737;7;1;0;0;0;0;0;0;0;0;0;0;1;0
2003 38 3;263;024033810527;10;0;0;1;1;0;0;0;0;0;0;0;0;0
2003 38 3;264;024033720511;10;1;0;1;0;0;0;0;0;1;0;0;0;0
2003 38 3;265;024033811177;5;0;0;0;0;1;0;0;0;0;0;0;0;0
2003 38 3;266;024033750652;5;0;1;1;0;0;0;0;0;0;0;0;0;0
2003 38 3;267;024033710263;2;1;0;1;0;0;0;0;0;1;0;0;0;0
2003 38 3;268;024033811156;2;1;0;0;0;0;0;0;0;0;0;0;0;0
2003 38 3;269;024033811242;3;0;0;1;0;1;0;0;0;0;0;0;0;0
2003 38 3;270;024033720209;3;1;0;1;0;0;0;0;0;1;0;0;0;0
2003 38 3;271;024033811400;3;0;0;0;1;0;0;0;0;0;0;0;0;0
2003 38 3;272;024033710840;7;1;0;1;0;0;0;1;0;0;1;1;0;1
2003 38 3;273;024033720238;7;1;0;1;0;0;0;0;0;1;0;0;0;0
2003 38 3;274;024033810337;7;0;0;0;0;1;0;0;0;0;0;0;0;0
2003 38 3;275;024033770002;7;1;0;1;0;0;0;0;0;1;0;0;0;0
2003 38 3;276;024033750023;2;1;0;1;0;0;0;0;0;0;0;0;1;0
2003 38 3;277;024033811345;2;0;0;0;1;0;0;0;0;0;0;0;0;0
2003 38 3;278;024033730130;2;1;0;1;0;0;0;0;0;0;1;1;0;0
2003 38 3;279;024033810623;5;0;0;1;0;1;0;0;0;0;0;0;1;0
2003 38 3;280;024033811123;4;1;0;0;0;0;0;0;0;0;0;0;0;0
2003 38 3;281;024033710509;4;1;0;1;0;0;0;0;0;1;0;0;0;0
2003 38 3;282;024033811022;8;0;1;1;0;0;0;0;0;0;0;0;0;0
2003 38 3;283;024033811294;8;1;0;0;0;0;0;0;0;0;0;0;0;0
2003 38 3;284;024033811356;8;0;0;1;0;1;0;0;0;0;0;0;0;0
2003 38 3;285;024033720016;8;1;0;1;0;0;0;0;0;1;0;0;0;0
2003 38 3;286;024033820521;2;0;0;0;1;0;1;0;0;0;0;0;0;0
2003 38 3;287;024033720367;2;1;0;1;0;0;0;0;0;1;0;0;0;0
2003 38 3;288;024033630449;2;1;0;0;0;0;0;0;0;0;0;0;1;0
2003 38 3;289;024033810656;2;0;0;0;0;1;0;0;0;0;0;0;0;0
2003 38 3;290;024033650452;2;1;0;1;0;0;0;1;0;1;0;1;0;1
2003 38 3;291;024033811208;2;1;0;0;0;0;0;0;0;0;1;0;0;0
2003 38 3;292;024033810220;2;0;0;1;1;0;0;0;0;0;0;0;0;0
2003 38 3;293;024033720414;2;1;0;1;0;0;0;0;0;1;0;0;0;0
2003 38 3;294;024033811410;3;0;0;0;0;1;0;0;0;0;0;0;0;0
2003 38 3;295;024033750457;3;1;0;1;0;0;0;0;0;0;0;0;0;0
2003 38 3;296;024033720011;3;1;0;1;0;0;0;0;0;1;0;0;0;0
2003 38 3;297;024033810187;7;1;0;0;0;0;1;0;0;0;0;0;1;0
2003 38 3;298;024033730173;7;1;0;1;0;0;0;0;0;0;1;1;0;0
2003 38 3;299;024033611083;7;0;0;1;0;1;0;0;0;0;0;0;0;0
2003 38 3;300;024033811114;7;1;0;0;0;0;0;0;0;0;0;0;0;0
2003 38 3;301;024033710024;12;1;0;1;0;0;0;0;0;1;0;0;0;0
2003 38 3;302;024033821262;12;0;0;1;1;0;0;0;0;0;0;0;1;0
2003 38 3;303;024033811129;12;1;0;0;0;0;0;0;0;0;0;0;0;0
2003 38 3;304;024033730232;12;1;0;1;0;0;0;0;0;0;1;1;0;0
2003 38 3;305;024033810617;5;0;0;1;0;1;0;0;0;0;0;0;1;0
2003 38 3;306;024033811271;12;1;0;0;0;0;0;0;0;0;0;0;0;0
2003 38 3;307;024033710149;12;1;0;1;0;0;0;0;0;1;0;0;0;0
2003 38 3;308;024033821306;12;0;0;0;1;0;0;0;0;0;0;0;1;0
2003 38 3;309;024033750443;13;1;0;1;0;0;0;0;0;0;0;0;0;0
2003 38 3;310;024033730257;13;1;0;1;0;0;0;0;0;0;1;1;0;0
2003 38 3;311;024033821316;13;0;0;0;0;1;0;0;0;0;0;0;0;0
2003 38 3;312;024033531433;4;1;0;1;0;0;0;0;0;1;0;0;1;0
2003 38 3;313;024033810335;4;1;0;0;0;0;0;0;0;0;0;0;0;0
2003 38 3;314;024033810676;4;0;0;1;1;0;0;0;0;0;0;0;0;0
2003 38 3;315;024033720442;4;1;0;1;0;0;0;0;0;1;0;0;0;0
2003 38 3;316;024033810208;4;1;0;0;0;0;1;0;0;0;0;0;1;0
2003 38 3;317;024033720239;7;1;0;1;0;0;0;0;0;1;0;0;0;0
2003 38 3;318;024033810357;7;0;0;0;0;1;0;0;0;0;0;0;0;0
2003 38 3;319;024033720401;1;1;0;1;0;0;0;1;0;0;1;1;0;1
2003 38 3;320;024033720193;1;1;0;1;0;0;0;0;0;1;0;0;0;0
2003 38 3;321;024033811119;1;0;0;0;1;0;0;0;0;0;0;0;0;0
2003 38 3;322;024033750474;1;1;0;1;0;0;0;0;0;0;0;0;0;0
2003 38 3;323;024033640452;1;1;0;1;0;0;0;0;0;1;0;0;0;0
2003 38 3;324;024033811321;1;0;0;0;0;1;0;1;0;0;0;0;0;0
2003 38 3;325;024033750142;1;1;0;1;0;0;0;0;0;0;1;0;0;0
2003 38 3;326;024033720555;1;1;0;1;0;0;0;0;0;1;0;0;0;0
2003 38 3;327;024033811375;12;0;0;0;1;0;0;0;0;0;0;0;1;0
2003 38 3;328;024033730205;12;1;0;1;0;0;0;0;0;0;1;1;0;0
2003 38 3;329;024033710168;8;1;0;1;0;0;0;0;0;1;0;0;0;0
2003 38 3;330;024033810343;7;0;0;0;0;1;0;0;0;0;0;0;0;0
2003 38 3;331;024033750594;7;1;0;1;0;0;0;0;0;0;0;0;0;0
2003 38 3;332;024033710199;8;1;0;1;0;0;0;0;0;1;0;0;0;0
2003 38 3;333;024033720087;8;0;0;0;1;0;1;0;1;0;0;1;0;0
2003 38 3;334;024033750497;5;1;0;1;0;0;0;0;0;0;0;0;0;0
2003 38 3;335;024033531487;5;1;0;1;0;0;0;0;0;1;0;0;1;0
2003 38 3;336;024033811389;5;0;0;0;0;1;0;0;0;0;0;0;0;0
2003 38 3;337;024033810219;5;0;1;1;0;0;0;0;0;0;0;0;0;0
2003 38 3;338;024033810708;12;1;0;0;0;0;0;0;0;0;1;0;0;0
2003 38 3;339;024033710131;12;1;0;1;0;0;0;0;0;1;0;0;0;0
2003 38 3;340;024033821240;12;0;0;1;1;0;0;0;0;0;0;0;1;0
2003 38 3;341;024033821350;12;0;0;0;0;1;0;0;0;0;0;0;0;0
2003 38 3;342;024033710218;12;1;0;1;0;0;0;0;0;1;0;0;0;0
2003 38 3;343;024033730218;12;1;0;1;0;0;0;0;0;0;1;1;0;0
2003 38 3;344;024033811419;8;0;0;0;0;1;0;0;0;0;0;0;0;0
2003 38 3;345;024033710212;8;1;0;1;0;0;0;0;0;1;0;0;0;0
2003 38 3;346;024033640409;8;1;0;1;0;0;0;1;1;0;0;0;0;1
2003 38 3;347;024033810510;2;0;0;0;1;0;0;0;0;0;0;0;0;0
2003 38 3;348;024033720237;12;1;0;1;0;0;0;0;0;1;0;0;0;0
2003 38 3;349;024033810042;12;1;0;0;0;0;0;0;0;0;0;0;1;0
2003 38 3;350;024033811314;12;0;0;1;0;1;0;0;0;0;0;0;0;0
2003 38 3;351;024033710240;12;1;0;1;0;0;0;0;0;1;0;0;0;0
2003 38 3;352;024033730219;12;1;0;1;0;0;0;0;0;0;1;1;0;0
2003 38 3;353;024033811172;12;0;0;0;1;0;0;0;0;0;0;0;0;0
2003 38 3;354;024033720646;9;1;0;1;0;0;0;0;0;1;0;0;0;0
2003 38 3;355;024033811309;9;0;0;1;0;1;0;0;0;0;0;0;0;0
2003 38 3;356;024033810195;9;1;0;0;0;0;1;0;0;0;0;0;1;0
2003 38 3;357;024033720191;9;1;0;1;0;0;0;0;0;1;0;0;0;0
2003 38 3;358;024033810225;9;0;1;1;0;0;0;0;0;0;0;0;0;0
2003 38 3;359;024033810045;9;1;0;0;0;0;0;0;0;0;0;0;1;0
2003 38 3;360;024033810874;9;0;0;1;0;1;0;0;0;0;0;0;0;0
2003 38 3;361;024033720483;9;1;0;1;0;0;0;1;0;0;1;1;0;1
2003 38 3;362;024033811292;12;1;0;0;0;0;0;0;0;0;0;0;0;0
2003 38 3;363;024033810548;12;0;0;1;1;0;0;0;0;0;0;0;0;0
2003 38 3;364;024033630803;7;1;0;1;0;0;0;0;0;1;0;0;0;0
2003 38 3;365;024033810336;7;0;0;0;0;1;0;0;0;0;0;0;0;0
2003 38 3;366;024033750112;9;1;0;1;0;0;0;0;0;0;1;0;0;0
2003 38 3;367;024033720269;9;1;0;1;0;0;0;0;0;1;0;0;0;0
2003 38 3;368;024033811265;9;1;0;0;0;0;0;0;0;0;0;0;0;0
2003 38 3;369;024033810340;7;0;0;0;0;1;0;0;0;0;0;0;0;0
2003 38 3;370;024033710198;7;1;0;1;0;0;0;0;0;1;0;0;0;0
2003 38 3;371;024033821321;7;0;0;0;1;0;0;0;0;0;0;0;0;0
2003 38 3;372;024033730180;7;1;0;1;0;0;0;0;0;0;1;1;0;0
2003 38 3;373;024033531449;7;1;0;1;0;0;0;0;0;1;0;0;1;0
2003 38 3;374;024033811362;7;0;0;0;0;1;0;1;0;0;0;0;0;0
2003 38 3;375;024033750462;7;1;0;1;0;0;0;0;0;0;0;0;0;0
2003 38 3;376;024033531494;7;1;0;1;0;0;0;0;0;1;0;0;1;0
2003 38 3;377;024033810341;7;0;0;0;0;1;0;0;0;0;0;0;0;0
2003 38 3;378;024033720331;8;1;0;1;0;0;0;0;0;1;0;0;0;0
2003 38 3;379;024033811430;8;0;0;0;1;0;0;0;0;0;0;0;1;0
2003 38 3;380;024033710353;7;1;0;1;0;0;0;0;0;1;0;0;0;0
2003 38 3;381;024033720349;7;1;0;1;0;0;0;1;0;0;1;1;0;1
2003 38 3;382;024033810344;7;0;0;0;0;1;0;0;0;0;0;0;0;0
2003 38 3;383;024033811276;7;1;0;0;0;0;0;0;0;0;0;0;0;0
2003 38 3;384;024033720189;12;1;0;1;0;0;0;0;0;1;0;0;0;0
2003 38 3;385;024033821237;12;0;0;1;1;0;0;0;0;0;0;0;1;0
2003 38 3;386;024033810738;12;1;0;0;0;0;0;0;0;0;1;0;0;0
2003 38 3;387;024033810299;5;0;1;1;0;0;0;0;0;0;0;0;0;0
2003 38 3;388;024033720007;6;1;0;1;0;0;0;0;0;1;0;0;0;0
2003 38 3;389;024033810687;6;1;0;0;0;0;1;0;0;0;0;0;0;0
2003 38 3;390;024033810673;9;0;0;0;0;1;0;0;0;0;0;0;0;0
2003 38 3;391;024033730249;9;1;0;1;0;0;0;0;0;0;1;1;0;0
2003 38 3;392;024033720676;3;1;0;0;0;0;0;0;0;0;0;0;0;0
2003 38 3;393;024033820113;3;0;0;1;1;0;0;0;0;0;0;0;1;0
2003 38 3;394;024033720010;3;1;0;1;0;0;0;0;0;1;0;0;0;0
2003 38 3;395;024033811366;3;0;0;0;0;1;0;1;0;0;0;0;0;0
2003 38 3;396;024033750305;4;1;0;1;0;0;0;0;0;0;0;0;0;0
2003 38 3;397;024033811273;4;1;0;0;0;0;0;0;0;0;0;0;0;0
2003 38 3;398;024033810621;5;0;0;1;0;1;0;0;0;0;0;0;1;0
2003 38 3;399;024033730213;12;1;0;1;0;0;0;0;0;0;1;1;0;0
2003 38 3;400;024033811168;12;0;0;0;1;0;0;0;0;0;0;0;0;0
2003 38 3;401;024033720185;12;1;0;1;0;0;0;0;0;1;0;0;0;0
2003 38 3;402;024033750517;12;1;0;1;0;0;0;0;0;0;0;0;0;0
2003 38 3;403;024033821330;12;0;0;0;0;1;0;0;0;0;0;0;0;0
2003 38 3;404;024033720183;12;1;0;1;0;0;0;0;0;1;0;0;0;0
2003 38 3;405;024033730231;12;1;0;1;0;0;0;0;0;0;1;1;0;0
2003 38 3;406;024033810990;12;0;0;0;1;0;0;0;0;0;0;0;0;0
2003 38 3;407;024033710302;7;1;0;1;0;0;0;0;0;1;0;0;0;0
2003 38 3;408;024033811328;7;0;0;0;0;1;0;1;0;0;0;0;0;0
2003 38 3;409;024033750600;7;1;0;1;0;0;0;0;0;0;0;0;0;0
2003 38 3;410;024033710148;7;1;0;1;0;0;0;0;0;1;0;0;0;0
2003 38 3;411;024033810663;7;0;0;0;0;1;0;0;0;0;0;0;0;0
2003 38 3;412;024033710349;7;1;0;1;0;0;0;0;0;1;0;0;0;0
2003 38 3;413;024033810986;5;0;0;1;1;0;0;0;0;0;0;0;0;0
2003 38 3;414;024033811061;9;1;0;0;0;0;0;0;0;0;0;0;0;0
2003 38 3;415;024033720653;9;1;0;1;0;0;0;0;0;1;0;0;0;0
2003 38 3;416;024033811162;9;0;0;0;0;1;0;0;0;0;0;0;0;0
2003 38 3;417;024033720345;9;1;0;1;0;0;0;1;0;0;1;1;0;1
2003 38 3;418;024033810681;9;1;0;0;0;0;1;0;0;0;0;0;0;0
2003 38 3;419;024033720363;1;1;0;1;0;0;0;0;0;1;0;0;0;0
2003 38 3;420;024033810126;1;0;0;1;1;0;0;0;0;0;0;0;0;0
2003 38 3;421;024033811252;7;1;0;0;0;0;0;0;0;0;0;0;0;0
2003 38 3;422;024033710358;7;1;0;1;0;0;0;0;0;1;0;0;0;0
2003 38 3;423;024033810706;7;0;0;0;0;1;0;0;0;0;0;0;0;0
2003 38 3;424;024033750529;10;1;0;1;0;0;0;0;0;0;0;0;0;0
2003 38 3;425;024033810128;10;0;1;1;0;0;0;0;0;0;0;0;0;0
2003 38 3;426;024033811274;12;1;0;0;0;0;0;0;0;0;0;0;0;0
2003 38 3;427;024033730230;12;1;0;1;0;0;0;0;0;0;1;1;0;0
2003 38 3;428;024033810324;7;0;0;0;0;1;0;0;0;0;0;0;0;0
2003 38 3;429;024033531438;6;1;0;1;0;0;0;0;0;1;0;0;1;0
2003 38 3;430;024033750842;6;1;0;1;0;0;0;0;0;0;0;0;0;0
2003 38 3;431;024033811170;6;0;0;0;1;0;0;0;0;0;0;0;0;0
2003 38 3;432;024033750458;6;1;0;1;0;0;0;0;0;0;0;0;0;0
2003 38 3;433;024033720236;7;1;0;1;0;0;0;0;0;1;0;0;0;0
2003 38 3;434;024033810356;7;0;0;0;0;1;0;0;0;0;0;0;0;0
2003 38 3;435;024033730192;7;1;0;1;0;0;0;0;0;0;1;1;0;0
2003 38 3;436;024033720195;7;1;0;1;0;0;0;0;0;1;0;0;0;0
2003 38 3;437;024033821318;7;0;0;0;1;0;0;0;0;0;0;0;0;0
2003 38 3;438;024033750431;7;1;0;1;0;0;0;0;0;0;0;0;0;0
2003 38 3;439;024033531489;7;1;0;1;0;0;0;0;0;1;0;0;1;0
2003 38 3;440;024033810347;7;0;0;0;0;1;0;0;0;0;0;0;0;0
2003 38 3;441;024033720301;7;1;0;1;0;0;0;0;0;1;0;0;0;0
2003 38 3;442;024033810218;5;0;1;1;0;0;0;0;0;0;0;0;0;0
2003 38 3;443;024033720823;2;1;0;0;0;0;0;0;0;0;0;1;0;0
2003 38 3;444;024033810696;2;1;0;0;0;0;1;0;0;0;0;0;0;0
2003 38 3;445;024033820491;2;0;0;1;1;0;0;0;0;0;0;0;0;0
2003 38 3;446;024033811154;2;1;0;0;0;0;0;0;0;0;0;0;0;0
2003 38 3;447;024033810898;9;0;0;1;0;1;0;0;0;0;0;0;0;0
2003 38 3;448;024033630456;9;1;0;0;0;0;0;0;0;0;0;1;1;0
2003 38 3;449;024033720230;9;1;0;1;0;0;0;0;0;1;0;0;0;0
2003 38 3;450;024033750127;9;1;0;1;0;0;0;0;0;0;1;0;0;0
2003 38 3;451;024033811405;8;0;0;0;0;1;0;0;0;0;0;0;0;0
2003 38 3;452;024033531498;8;1;0;1;0;0;0;0;0;1;0;0;1;0
2003 38 3;453;024033810992;8;0;0;1;1;0;0;0;0;0;0;0;0;0
2003 38 3;454;024033811251;8;1;0;0;0;0;0;0;0;0;0;0;0;0
2003 38 3;455;024033720461;8;1;0;1;0;0;0;0;0;1;0;0;0;0
2003 38 3;456;024033821234;8;0;0;1;0;1;0;0;0;0;0;0;0;0
2003 38 3;457;024033810849;4;1;0;0;0;0;0;0;0;0;1;0;0;0
2003 38 3;458;024033810698;4;1;0;0;0;0;1;0;0;0;0;0;0;0
2003 38 3;459;024033610627;1;0;0;1;1;0;0;0;0;1;0;0;0;0
2003 38 3;460;024033811117;13;1;0;0;0;0;0;1;0;0;0;0;0;1
2003 38 3;461;024033720329;3;1;0;1;0;0;0;0;0;0;0;1;0;0
2003 38 3;462;024033720655;3;1;0;1;0;0;0;0;0;1;0;0;0;0
2003 38 3;463;024033821338;3;0;0;0;0;1;0;0;0;0;0;0;0;0
2003 38 3;464;024033710211;3;1;0;1;0;0;0;0;0;1;0;0;0;0
2003 38 3;465;024033810512;3;0;0;1;1;0;0;0;0;0;0;0;0;0
2003 38 3;466;024033811288;12;1;0;0;0;0;0;0;0;0;0;0;0;0
2003 38 3;467;024033730227;12;1;0;1;0;0;0;0;0;0;1;1;0;0
2003 38 3;468;024033821332;12;0;0;0;0;1;0;0;0;0;0;0;0;0
2003 38 3;469;024033720216;12;1;0;1;0;0;0;0;0;1;0;0;0;0
2003 38 3;470;024033810313;5;0;1;1;0;0;0;0;0;0;0;0;0;0
2003 38 3;471;024033811270;5;1;0;0;0;0;0;0;0;0;0;0;0;0
2003 38 3;472;024033650119;5;1;0;1;0;0;0;0;1;1;0;0;0;0
2003 38 3;473;024033810568;5;0;0;1;0;1;0;0;0;0;0;0;1;0
2003 38 3;474;024033810230;5;1;0;0;0;0;1;0;0;0;0;0;0;0
2003 38 3;475;024033750641;5;1;0;1;0;0;0;0;0;0;0;0;0;0
2003 38 3;476;024033810144;5;0;0;1;1;0;0;0;0;0;0;0;0;0
2003 38 3;477;024033811121;5;1;0;0;0;0;0;0;0;0;0;0;0;0
2003 38 3;478;024033810618;5;0;0;1;0;1;0;0;0;0;0;0;1;0
2003 38 3;479;024033811069;9;1;0;0;0;0;0;0;0;0;0;0;0;0
2003 38 3;480;024033730248;9;1;0;1;0;0;0;0;0;0;1;1;0;0
2003 38 3;481;024033720364;9;1;0;1;0;0;0;0;0;1;0;0;0;0
2003 38 3;482;024033811278;9;1;0;0;0;0;0;0;0;0;0;0;0;0
2003 38 3;483;024033811307;7;0;0;1;0;1;0;0;0;0;0;0;0;0
2003 38 3;484;024033720553;7;1;0;1;0;0;0;0;0;1;0;0;0;0
2003 38 3;485;024033811357;12;0;0;0;1;0;0;0;0;0;0;0;1;0
2003 38 3;486;024033650177;12;1;0;1;0;0;0;1;1;0;0;1;0;1
2003 38 3;487;024033750108;12;1;0;1;0;0;0;0;0;0;1;0;0;0
2003 38 3;488;024033810351;7;0;0;0;0;1;0;0;0;0;0;0;0;0
2003 38 3;489;024033720321;7;1;0;1;0;0;0;0;0;1;0;0;0;0
2003 38 3;490;024033750480;7;1;0;1;0;0;0;0;0;0;0;0;0;0
2003 38 3;491;024033821300;7;0;0;0;1;0;0;0;0;0;0;0;1;0
2003 38 3;492;024033720197;7;1;0;1;0;0;0;0;0;1;0;0;0;0
2003 38 3;493;024033750036;7;1;0;1;0;0;0;0;0;0;0;0;0;0
2003 38 3;494;024033810355;7;0;0;0;0;1;0;0;0;0;0;0;0;0
2003 38 3;495;024033730215;12;1;0;1;0;0;0;0;0;0;1;1;0;0
2003 38 3;496;024033750573;12;1;0;1;0;0;0;0;0;0;0;0;0;0
2003 38 3;497;024033821296;12;0;0;0;1;0;0;0;0;0;0;0;1;0
2003 38 3;498;024033720205;1;1;0;1;0;0;0;0;0;1;0;0;0;0
2003 38 3;499;024033750469;1;1;0;1;0;0;0;0;0;0;0;0;0;0
2003 38 3;500;024033821323;1;0;0;0;0;1;0;0;0;0;0;0;0;0
2003 38 3;501;024033720480;1;1;0;1;0;0;0;1;0;0;1;1;0;1
2003 38 3;502;024033810136;5;0;1;1;0;0;0;0;0;0;0;0;0;0
2003 38 3;503;024033811201;12;1;0;0;0;0;0;0;0;0;0;0;0;0
2003 38 3;504;024033750037;12;1;0;1;0;0;0;0;0;0;0;0;0;0
2003 38 3;505;024033821340;12;0;0;0;0;1;0;0;0;0;0;0;0;0
2003 38 3;506;024033720259;12;1;0;1;0;0;0;0;0;1;0;0;0;0
2003 38 3;507;024033730214;12;1;0;1;0;0;0;0;0;0;1;1;0;0
2003 38 3;508;024033750337;12;0;0;0;1;0;0;0;1;0;0;0;0;0
2003 38 3;509;024033720234;4;1;0;1;0;0;0;0;0;1;0;0;0;0
2003 38 3;510;024033810056;4;1;0;0;0;0;0;0;0;0;0;0;1;0
2003 38 3;511;024033720015;8;1;0;1;0;0;0;0;0;1;0;0;0;0
2003 38 3;512;024033811418;8;0;0;0;0;1;0;0;0;0;0;0;0;0
2003 38 3;513;024033750306;4;1;0;1;0;0;0;0;0;0;0;0;0;0
2003 38 3;514;024033730253;4;1;0;1;0;0;0;0;0;0;1;1;0;0
2003 38 3;515;024033821258;4;0;0;0;1;0;0;0;0;0;0;0;0;0
2003 38 3;516;024033720365;4;1;0;1;0;0;0;0;0;1;0;0;0;0
2003 38 3;517;024033810613;5;0;0;1;0;1;0;0;0;0;0;0;1;0
2003 38 3;518;024033810232;5;1;0;0;0;0;1;0;0;0;0;0;0;0
2003 38 3;519;024033810223;5;0;1;1;0;0;0;0;0;0;0;0;0;0
2003 38 3;520;024033720423;9;1;0;1;0;0;0;1;0;0;1;1;0;1
2003 38 3;521;024033811259;9;1;0;0;0;0;0;0;0;0;0;0;0;0
2003 38 3;522;024033810573;5;0;0;1;0;1;0;0;0;0;0;0;1;0
2003 38 3;523;024033750042;5;1;0;1;0;0;0;0;0;0;0;0;0;0
2003 38 3;524;024033820315;5;0;0;0;1;0;0;0;0;0;0;0;0;0
2003 38 3;525;024033750029;5;1;0;1;0;0;0;0;0;0;0;0;0;0
2003 38 3;526;024033810745;6;1;0;0;0;0;0;0;0;0;1;0;0;0
2003 38 3;527;024033811241;7;0;0;1;0;1;0;0;0;0;0;0;0;0
2003 38 3;528;024033703734;7;1;0;0;0;0;0;0;0;0;0;0;1;0
2003 38 3;529;024033720219;7;1;0;1;0;0;0;0;0;1;0;0;0;0
2003 38 3;530;024033810534;7;0;0;1;1;0;0;0;0;0;0;0;0;0
2003 38 3;531;024033811226;7;1;0;0;0;0;0;0;0;0;0;0;0;0
2003 38 3;532;024033810675;7;0;0;1;0;1;0;0;0;0;0;0;0;0
2003 38 3;533;024033730168;7;1;0;1;0;0;0;0;0;0;1;1;0;0
2003 38 3;534;024033811238;7;1;0;0;0;0;0;0;0;0;0;0;0;0
2003 38 3;535;024033810124;10;0;1;1;0;0;0;0;0;0;0;0;0;0
2003 38 3;536;024033750530;10;1;0;1;0;0;0;0;0;0;0;0;0;0
2003 38 3;537;024033811120;10;1;0;0;0;0;0;0;0;0;0;0;0;0
2003 38 3;538;024033810888;7;0;0;1;0;1;0;0;0;0;0;0;0;0
2003 38 3;539;024033710389;7;0;0;1;1;0;0;0;1;1;0;0;0;0
2003 38 3;540;024033630451;7;1;0;0;0;0;0;0;0;0;0;0;1;0
2003 38 3;541;024033720408;7;1;0;1;0;0;0;1;0;0;1;1;0;1
2003 38 3;542;024033720257;7;1;0;1;0;0;0;0;0;1;0;0;0;0
2003 38 3;543;024033810342;7;0;0;0;0;1;0;0;0;0;0;0;0;0
2003 38 3;544;024033720223;6;1;0;1;0;0;0;0;0;1;0;0;0;0
2003 38 3;545;024033810425;6;0;0;0;1;0;0;0;0;0;0;0;0;0
2003 38 3;546;024033750601;6;1;0;1;0;0;0;0;0;0;0;0;0;0
2003 38 3;547;024033720260;13;1;0;1;0;0;0;0;0;1;0;0;0;0
2003 38 3;548;024033810941;13;0;0;0;0;1;0;0;0;0;0;0;0;0
2003 38 3;549;024033730255;13;1;0;1;0;0;0;0;0;0;1;1;0;0
2003 38 3;550;024033811155;13;1;0;0;0;0;0;0;0;0;0;0;0;0
2003 38 3;551;024033810147;10;0;0;1;1;0;0;0;0;0;0;0;0;0
2003 38 3;552;024033720346;10;1;0;1;0;0;0;0;0;1;0;0;0;0
2003 38 3;553;024033810326;7;0;0;0;0;1;0;0;0;0;0;0;0;0
2003 38 3;554;024033720273;7;1;0;1;0;0;0;0;0;1;0;0;0;0
2003 38 3;555;024033740030;7;0;1;1;0;0;0;0;0;0;0;0;0;0
2003 38 3;556;024033810191;7;1;0;0;0;0;1;0;0;0;0;0;1;0
2003 38 3;557;024033730197;7;1;0;1;0;0;0;0;0;0;1;1;0;0
2003 38 3;558;024033830662;7;0;0;1;0;1;0;0;0;0;0;0;0;0
2003 38 3;559;024033811333;2;0;0;0;1;0;0;0;0;0;0;0;1;0
2003 38 3;560;024033720243;8;1;0;1;0;0;0;0;0;1;0;0;0;0
2003 38 3;561;024033750614;8;1;0;1;0;0;0;0;0;0;0;0;0;0
2003 38 3;562;024033811417;8;0;0;0;0;1;0;0;0;0;0;0;0;0
2003 38 3;563;024033720575;8;1;0;1;0;0;0;0;0;1;0;0;0;0
2003 38 3;564;024033730078;8;1;0;1;0;0;0;0;1;0;0;0;0;0
2003 38 3;565;024033811404;8;0;0;0;0;1;0;0;0;0;0;0;0;0
2003 38 3;566;024033710934;6;1;0;1;0;0;0;1;0;0;1;1;0;1
2003 38 3;567;024033750609;6;1;0;1;0;0;0;0;0;0;0;0;0;0
2003 38 3;568;024033821229;2;0;0;0;1;0;0;0;0;0;0;0;1;0
2003 38 3;569;024033720597;9;1;0;1;0;0;0;0;0;1;0;0;0;0
2003 38 3;570;024033750175;9;1;0;1;0;0;0;0;0;0;1;0;0;0
2003 38 3;571;024033811175;9;0;0;0;0;1;0;0;0;0;0;0;0;0
2003 38 3;572;024033720272;9;1;0;1;0;0;0;0;0;1;0;0;0;0
2003 38 3;573;024033811348;9;1;0;0;0;0;0;1;0;0;0;0;0;0
2003 38 3;574;024033821271;6;0;0;1;1;0;0;0;0;0;0;0;1;0
2003 38 3;575;024033810689;6;1;0;0;0;0;1;0;0;0;0;0;0;0
2003 38 3;576;024033730161;6;1;0;1;0;0;0;0;0;0;1;1;0;0
2003 38 3;577;024033821077;3;0;0;1;0;1;0;0;0;0;0;0;0;0
2003 38 3;578;024033811209;3;1;0;0;0;0;0;0;0;0;0;0;0;0
2003 38 3;579;024033720221;3;1;0;1;0;0;0;0;0;1;0;0;0;0
2003 38 3;580;024033810233;2;0;0;0;1;0;0;0;0;0;0;0;0;0
2003 38 3;581;024033630448;2;1;0;0;0;0;0;0;0;0;0;0;1;0
2003 38 3;582;024033720694;12;1;0;1;0;0;0;0;0;1;0;0;0;0
2003 38 3;583;024033811312;12;0;0;0;0;1;0;0;0;0;0;0;0;0
2003 38 3;584;024033730235;12;1;0;1;0;0;0;0;0;0;1;1;0;0
2003 38 3;585;024033720504;12;1;0;1;0;0;0;0;0;1;0;0;0;0
2003 38 3;586;024033811142;12;1;0;0;0;0;0;1;0;0;0;0;0;1
2003 38 3;587;024033821285;12;0;0;0;1;0;0;0;0;0;0;0;1;0
2003 38 3;588;024033720258;9;1;0;1;0;0;0;0;0;1;0;0;0;0
2003 38 3;589;024033750563;9;1;0;1;0;0;0;0;0;0;0;0;0;0
2003 38 3;590;024033811141;9;0;0;0;0;1;0;0;0;0;0;0;0;0
2003 38 3;591;024033720253;9;1;0;1;0;0;0;0;0;1;0;0;0;0
2003 38 3;592;024033730252;9;1;0;1;0;0;0;0;0;0;1;1;0;0
2003 38 3;593;024033810518;9;0;0;0;1;0;0;0;0;0;0;0;0;0
2003 38 3;594;024033720256;9;1;0;1;0;0;0;0;0;1;0;0;0;0
2003 38 3;595;024033811133;11;0;0;0;0;1;0;0;0;0;0;0;0;0
2003 38 3;596;024033750528;11;1;0;1;0;0;0;0;0;0;0;0;0;0
2003 38 3;597;024033750654;11;0;1;1;0;0;0;0;0;0;0;0;0;0
2003 38 3;598;024033810751;6;1;0;0;0;0;0;0;0;0;1;0;0;0
2003 38 3;599;024033720629;7;1;0;1;0;0;0;0;0;1;0;0;0;0
2003 38 3;600;024033810348;7;0;0;0;0;1;0;0;0;0;0;0;0;0
2003 38 3;601;024033630701;7;1;0;1;0;0;0;1;1;1;0;1;0;1
2003 38 3;602;024033821254;7;0;0;1;1;0;0;0;0;0;0;0;1;0
2003 38 3;603;024033811079;7;1;0;0;0;0;0;0;0;0;0;0;0;0
2003 38 3;604;024033720356;7;1;0;1;0;0;0;0;0;1;0;0;0;0
2003 38 3;605;024033810350;7;0;0;0;0;1;0;0;0;0;0;0;0;0
2003 38 3;606;024033750017;10;1;0;1;0;0;0;0;0;0;0;0;0;0
2003 38 3;607;024033750028;10;1;0;1;0;0;0;0;0;0;0;0;0;0
2003 38 3;608;024033811341;7;0;0;0;1;0;0;0;0;0;0;0;0;0
2003 38 3;609;024033730174;7;1;0;1;0;0;0;0;0;0;1;1;0;0
2003 38 3;610;024033720249;7;1;0;1;0;0;0;0;0;1;0;0;0;0
2003 38 3;611;024033810352;7;0;0;0;0;1;0;0;0;0;0;0;0;0
2003 38 3;612;024033750559;7;1;0;1;0;0;0;0;0;0;0;0;0;0
2003 38 3;613;024033720247;7;1;0;1;0;0;0;0;0;1;0;0;0;0
2003 38 3;614;024033810339;7;0;0;0;0;1;0;0;0;0;0;0;0;0
2003 38 3;615;024033730223;12;1;0;1;0;0;0;0;0;0;1;1;0;0
2003 38 3;616;024033810151;12;0;0;1;1;0;0;0;0;0;0;0;0;0
2003 38 3;617;024033810965;12;1;0;0;0;0;0;0;0;0;0;0;0;0
2003 38 3;618;024033720212;5;1;0;1;0;0;0;0;0;1;0;0;0;0
2003 38 3;619;024033810619;5;0;0;1;0;1;0;0;0;0;0;0;1;0
2003 38 3;620;024033811272;2;1;0;0;0;0;0;0;0;0;0;0;0;0
2003 38 3;621;024033811275;2;1;0;0;0;0;0;0;0;0;0;0;0;0
2003 38 3;622;024033820389;2;0;0;1;1;0;0;0;0;0;0;0;0;0
2003 38 3;623;024033720488;2;1;0;1;0;0;0;1;0;0;1;1;0;1
2003 38 3;624;024033811131;2;1;0;0;0;0;0;0;0;0;0;0;0;0
2003 38 3;625;024033810624;5;0;0;1;0;1;0;0;0;0;0;0;1;0
2003 38 3;626;024033810231;5;1;0;0;0;0;1;0;0;0;0;0;0;0
2003 38 3;627;024033810156;5;0;1;1;0;0;0;0;0;0;0;0;0;0
2003 38 3;628;024033720291;8;1;0;1;0;0;0;0;0;1;0;0;0;0
2003 38 3;629;024033811135;8;1;0;0;0;0;0;0;0;0;0;0;0;0
2003 38 3;630;024033821232;8;0;0;1;0;1;0;0;0;0;0;0;0;0
2003 38 3;631;024033720220;8;1;0;1;0;0;0;0;0;1;0;0;0;0
2003 38 3;632;024033810725;12;1;0;0;0;0;0;0;0;0;1;0;0;0
2003 38 3;633;024033821202;12;0;0;0;1;0;0;0;0;0;0;0;1;0
2003 38 3;634;024033630711;12;1;0;1;0;0;0;0;1;1;0;1;0;0
2003 38 3;635;024033750554;12;1;0;1;0;0;0;0;0;0;0;0;0;0
2003 38 3;636;024033811313;12;0;0;0;0;1;0;0;0;0;0;0;0;0
2003 38 3;637;024033720619;12;1;0;1;0;0;0;0;0;1;0;0;0;0
2003 38 3;638;024033720406;12;1;0;1;0;0;0;1;0;0;1;1;0;1
2003 38 3;639;024033820097;12;0;0;0;1;0;0;0;0;0;0;0;1;0
2003 38 3;640;024033720254;1;1;0;1;0;0;0;0;0;1;0;0;0;0
2003 38 3;641;024033720267;1;1;0;1;0;0;0;0;0;1;0;0;0;0
2003 38 3;642;024033821339;1;0;0;0;0;1;0;0;0;0;0;0;0;0
2003 38 3;643;024033810130;5;0;1;1;0;0;0;0;0;0;0;0;0;0
2003 38 3;644;024033750540;5;1;0;1;0;0;0;0;0;0;0;0;0;0
2003 38 3;645;024033811212;6;1;0;0;0;0;0;0;0;0;0;0;0;0
2003 38 3;646;024033810525;10;0;0;1;1;0;0;0;0;0;0;0;0;0
2003 38 3;647;024033730127;9;1;0;1;0;0;0;0;0;0;1;1;0;0
2003 38 3;648;024033811277;9;1;0;0;0;0;0;0;0;0;0;0;0;0
2003 38 3;649;024033810705;9;0;0;1;0;1;0;0;0;0;0;0;0;0
2003 38 3;650;024033720190;9;1;0;1;0;0;0;0;0;1;0;0;0;0
2003 38 3;651;024033810312;6;1;0;0;0;0;0;0;0;0;0;0;0;0
2003 38 3;652;024033811388;6;0;0;1;1;0;0;0;0;0;0;0;1;0
2003 38 3;653;024033730159;6;1;0;1;0;0;0;0;0;0;1;1;0;0
2003 38 3;654;024033720268;7;1;0;1;0;0;0;0;0;1;0;0;0;0
2003 38 3;655;024033821331;7;0;0;0;0;1;0;0;0;0;0;0;0;0
2003 38 3;656;024033811078;7;1;0;0;0;0;0;0;0;0;0;0;0;0
2003 38 3;657;024033720444;7;1;0;1;0;0;0;0;0;1;0;0;0;0
2003 38 3;658;024033810003;7;0;0;1;1;0;0;0;0;0;0;0;0;0
2003 38 3;659;024033810193;7;1;0;0;0;0;1;0;0;0;0;0;1;0
2003 38 3;660;024033720432;7;1;0;1;0;0;0;0;0;1;0;0;0;0
2003 38 3;661;024033811427;7;0;0;0;0;1;0;0;0;0;0;0;0;0
2003 38 3;662;024033720422;6;1;0;1;0;0;0;1;0;0;1;1;0;1
2003 38 3;663;024033710152;6;1;0;1;0;0;0;0;0;1;0;0;0;0
2003 38 3;664;024033821272;6;0;0;0;1;0;0;0;0;0;0;0;1;0
2003 38 3;665;024033750503;6;1;0;1;0;0;0;0;0;0;0;0;0;0
2003 38 3;666;024033720251;9;1;0;1;0;0;0;0;0;1;0;0;0;0
2003 38 3;667;024033810661;9;0;0;0;0;1;0;0;0;0;0;0;0;0
2003 38 3;668;024033730128;9;1;0;1;0;0;0;0;0;0;1;1;0;0
2003 38 3;669;024033720218;9;1;0;1;0;0;0;0;0;1;0;0;0;0
2003 38 3;670;024033810123;9;0;0;0;1;0;1;0;0;0;0;0;1;0
2003 38 3;671;024033811299;9;1;0;0;0;0;0;0;0;0;0;0;0;0
2003 38 3;672;024033830677;9;0;0;1;0;1;0;0;0;0;0;0;0;0
2003 38 3;673;024033720703;9;1;0;1;0;0;0;0;0;1;0;0;0;0
2003 38 3;674;024033810744;6;1;0;0;0;0;0;0;0;0;1;0;0;0
2003 38 3;675;024033810614;5;0;0;1;0;1;0;0;0;0;0;0;1;0
2003 38 3;676;024033750040;5;1;0;1;0;0;0;0;0;0;0;0;0;0
2003 38 3;677;024033810025;2;0;0;0;1;0;0;1;0;0;0;0;0;0
2003 38 3;678;024033720391;2;1;0;1;0;0;0;0;0;1;0;0;0;0
2003 38 3;679;024033750605;2;1;0;1;0;0;0;0;0;0;0;0;0;0
2003 38 3;680;024033811420;2;0;0;0;0;1;0;0;0;0;0;0;0;0
2003 38 3;681;024033531423;2;1;0;1;0;0;0;0;0;1;0;0;1;0
2003 38 3;682;024033720693;2;1;0;0;0;0;0;1;0;0;0;0;0;1
2003 38 3;683;024033730209;12;1;0;1;0;0;0;0;0;0;1;1;0;0
2003 38 3;684;024033821322;12;0;0;0;1;0;0;0;0;0;0;0;0;0
2003 38 3;685;024033750607;6;1;0;1;0;0;0;0;0;0;0;0;0;0
2003 38 3;686;024033720554;9;1;0;1;0;0;0;0;0;1;0;0;0;0
2003 38 3;687;024033810668;9;0;0;0;0;1;0;0;0;0;0;0;0;0
2003 38 3;688;024033750176;9;1;0;1;0;0;0;0;0;0;1;0;0;0
2003 38 3;689;024033810120;5;0;1;1;0;0;0;0;0;0;0;0;0;0
2003 38 3;690;024033811280;6;1;0;0;0;0;0;0;0;0;0;0;0;0
2003 38 3;691;024033650551;6;1;0;1;0;0;0;0;0;1;0;1;0;0
2003 38 3;692;024033810585;5;0;0;1;0;1;0;0;0;0;0;0;1;0
2003 38 3;693;024033811219;4;1;0;0;0;0;0;0;0;0;0;0;0;0
2003 38 3;694;024033720199;1;1;0;1;0;0;0;0;0;1;0;0;0;0
2003 38 3;695;024033810017;5;0;0;1;1;0;0;0;0;0;0;0;0;0
2003 38 3;696;024033810749;6;1;0;0;0;0;0;0;0;0;1;0;0;0
2003 38 3;697;024033720446;6;1;0;1;0;0;0;0;0;1;0;0;0;0
2003 38 3;698;024033810638;5;0;0;1;0;1;0;0;0;0;0;0;1;0
2003 38 3;699;024033811266;6;1;0;0;0;0;0;0;0;0;0;0;0;0
2003 38 3;700;024033640121;6;1;0;1;0;0;0;0;0;1;0;0;0;0
2003 38 3;701;024033720041;12;0;0;0;1;0;1;1;1;0;0;1;0;1
2003 38 3;702;024033750136;12;1;0;1;0;0;0;0;0;0;1;0;0;0
2003 38 3;703;024033531413;12;1;0;1;0;0;0;0;0;1;0;0;1;0
2003 38 3;704;024033821333;7;0;0;0;0;1;0;0;0;0;0;0;0;0
2003 38 3;705;024033750429;7;1;0;1;0;0;0;0;0;0;0;0;0;0
2003 38 3;706;024033720203;7;1;0;1;0;0;0;0;0;1;0;0;0;0
2003 38 3;707;024033810459;7;0;0;0;1;0;0;0;0;0;0;0;0;0
2003 38 3;708;024033730188;7;1;0;1;0;0;0;0;0;0;1;1;0;0
2003 38 3;709;024033811402;7;0;0;0;0;1;0;0;0;0;0;0;0;0
2003 38 3;710;024033720358;7;1;0;1;0;0;0;0;0;1;0;0;0;0
2003 38 3;711;024033810158;5;0;1;1;0;0;0;0;0;0;0;0;0;0
2003 38 3;712;024033630450;7;1;0;0;0;0;0;0;0;0;0;0;1;0
2003 38 3;713;024033720233;7;1;0;1;0;0;0;0;0;1;0;0;0;0
2003 38 3;714;024033811403;7;0;0;0;0;1;0;0;0;0;0;0;0;0
2003 38 3;715;024033750172;7;1;0;1;0;0;0;0;0;0;1;0;0;0
2003 38 3;716;024033650195;7;1;0;1;0;0;0;0;0;1;0;1;0;0
2003 38 3;717;024033811229;6;1;0;0;0;0;0;0;0;0;0;0;0;0
2003 38 3;718;024033821289;7;0;0;1;0;1;0;0;0;0;0;0;0;0
2003 38 3;719;024033720460;7;1;0;1;0;0;0;0;0;1;0;0;0;0
2003 38 3;720;024033720824;7;1;0;0;0;0;1;1;0;0;1;1;0;1
2003 38 3;721;024033810141;7;0;0;1;1;0;0;0;0;0;0;0;0;0
2003 38 3;722;024033720229;7;1;0;1;0;0;0;0;0;1;0;0;0;0
2003 38 3;723;024033811080;7;1;0;0;0;0;0;0;0;0;0;0;0;0
2003 38 3;724;024033811310;7;0;0;1;0;1;0;0;0;0;0;0;0;0
2003 38 3;725;024033720271;7;1;0;1;0;0;0;0;0;1;0;0;0;0
2003 38 3;726;024033811227;7;1;0;0;0;0;0;0;0;0;0;0;0;0
2003 38 3;727;024033821239;12;0;0;1;1;0;0;0;0;0;0;0;1;0
2003 38 3;728;024033730206;12;1;0;1;0;0;0;0;0;0;1;1;0;0
2003 38 3;729;024033811416;8;0;0;0;0;1;0;0;0;0;0;0;0;0
2003 38 3;730;024033720317;8;1;0;1;0;0;0;0;0;1;0;0;0;0
2003 38 3;731;024033750021;9;1;0;1;0;0;0;0;0;0;0;0;1;0
2003 38 3;732;024033821328;3;0;0;0;0;1;0;0;0;0;0;0;0;0
2003 38 3;733;024033720262;6;1;0;1;0;0;0;0;0;1;0;0;0;0
2003 38 3;734;024033720498;6;1;0;1;0;0;0;1;0;0;1;1;0;1
2003 38 3;735;024033820485;6;0;0;0;1;0;0;0;0;0;0;0;0;0
2003 38 3;736;024033531437;6;1;0;1;0;0;0;0;0;1;0;0;1;0
2003 38 3;737;024033531402;5;0;0;1;0;1;0;0;0;0;0;0;0;0
2003 38 3;738;024033811147;13;1;0;0;0;0;0;1;0;0;0;0;0;0
2003 38 3;739;024033730256;13;1;0;1;0;0;0;0;0;0;1;1;0;0
2003 38 3;740;024033810242;8;0;1;1;0;0;0;0;0;0;0;0;0;0
2003 38 3;741;024033820323;8;0;0;0;1;0;0;0;0;0;0;0;0;0
2003 38 3;742;024033720599;8;1;0;1;0;0;0;0;0;1;0;0;0;0
2003 38 3;743;024033811364;8;0;0;0;0;1;0;1;0;0;0;0;0;0
2003 38 3;744;024033750436;8;1;0;1;0;0;0;0;0;0;0;0;0;0
2003 38 3;745;024033531409;8;1;0;1;0;0;0;0;0;1;0;0;1;0
2003 38 3;746;024033810021;8;1;0;0;0;0;0;0;0;0;0;0;0;0
2003 38 3;747;024033821235;8;0;0;1;0;1;0;0;0;0;0;0;0;0
2003 38 3;748;024033720523;2;1;0;1;0;0;0;0;0;1;0;0;0;0
2003 38 3;749;024033810502;2;0;0;0;1;0;0;0;0;0;0;0;0;0
2003 38 3;750;024033810039;8;1;0;0;0;0;0;0;0;0;0;0;1;0
2003 38 3;751;024033640934;8;1;0;1;0;0;0;1;1;1;0;1;0;1
2003 38 3;752;024033811306;8;0;0;0;0;1;0;0;0;0;0;0;0;0
2003 38 3;753;024033720392;8;1;0;1;0;0;0;0;0;1;0;0;0;0
2003 38 3;754;024033720304;8;1;0;1;0;0;0;0;0;1;0;0;0;0
2003 38 3;755;024033821288;8;0;0;0;1;0;0;0;0;0;0;0;1;0
2003 38 3;756;024033720281;8;1;0;1;0;0;0;0;0;1;0;0;0;0
2003 38 3;757;024033810310;5;0;1;1;0;0;0;0;0;0;0;0;0;0
2003 38 3;758;024033811145;2;1;0;0;0;0;0;1;0;0;0;0;0;0
2003 38 3;759;024033810690;2;0;0;1;0;1;0;0;0;0;0;0;0;0
2003 38 3;760;024033720013;2;1;0;1;0;0;0;0;0;1;0;0;0;0
2003 38 3;761;024033820135;2;0;0;0;1;0;0;0;0;0;0;0;1;0
2003 38 3;762;024033710796;4;1;0;1;0;0;0;0;0;0;0;1;0;0
2003 38 3;763;024033810699;4;1;0;0;0;0;1;0;0;0;0;0;0;0
2003 38 3;764;024033810570;5;0;0;1;0;1;0;0;0;0;0;0;1;0
2003 38 3;765;024033810731;12;1;0;0;0;0;0;0;0;0;1;0;0;0
2003 38 3;766;024033720327;12;1;0;1;0;0;0;0;0;1;0;0;0;0
2003 38 3;767;024033810557;12;0;0;1;1;0;0;0;0;0;0;0;0;0
2003 38 3;768;024033810059;4;1;0;0;0;0;0;0;0;0;0;0;1;0
2003 38 3;769;024033720208;4;1;0;1;0;0;0;0;0;1;0;0;0;0
2003 38 3;770;024033720344;4;1;0;1;0;0;0;1;0;0;1;1;0;1
2003 38 3;771;024033821317;7;0;0;0;0;1;0;0;0;0;0;0;0;0
2003 38 3;772;024033531451;7;1;0;1;0;0;0;0;0;1;0;0;1;0
2003 38 3;773;024033811018;8;1;0;0;0;0;0;0;0;0;0;0;0;0
2003 38 3;774;024033810413;8;0;0;1;1;0;0;0;0;0;0;0;0;0
2003 38 3;775;024033720182;8;1;0;1;0;0;0;0;0;1;0;0;0;0
2003 38 3;776;024033811369;8;0;0;0;0;1;0;1;0;0;0;0;0;0
2003 38 3;777;024033720231;8;1;0;1;0;0;0;0;0;1;0;0;0;0
2003 38 3;778;024033730163;6;1;0;1;0;0;0;0;0;0;1;1;0;0
2003 38 3;779;024033810688;6;1;0;0;0;0;1;0;0;0;0;0;0;0
2003 38 3;780;024033820367;5;0;0;1;1;0;0;0;0;0;0;0;0;0
2003 38 3;781;024033810605;5;0;0;1;0;1;0;0;0;0;0;0;1;0
2003 38 3;782;024033810734;12;1;0;0;0;0;0;0;0;0;1;0;0;0
2003 38 3;783;024033720702;12;1;0;1;0;0;0;0;0;1;0;0;0;0
2003 38 3;784;024033750261;12;0;1;1;0;0;0;0;0;0;0;0;0;0
2003 38 3;785;024033811127;12;1;0;0;0;0;0;0;0;0;0;0;0;0
2003 38 3;786;024033730207;12;1;0;1;0;0;0;0;0;0;1;1;0;0
2003 38 3;787;024033720255;2;1;0;1;0;0;0;0;0;1;0;0;0;0
2003 38 3;788;024033811327;2;0;0;0;0;1;0;1;0;0;0;0;0;0
2003 38 3;789;024033750608;2;1;0;1;0;0;0;0;0;0;0;0;0;0
2003 38 3;790;024033750209;2;1;0;1;0;0;0;0;0;0;0;0;0;0
2003 38 3;791;024033811338;2;0;0;0;1;0;0;1;0;0;0;0;0;1
2003 38 3;792;024033720603;2;1;0;1;0;0;0;0;0;1;0;0;0;0
2003 38 3;793;024033810963;2;1;0;0;0;0;0;0;0;0;0;0;0;0
2003 38 3;794;024033810615;5;0;0;1;0;1;0;0;0;0;0;0;1;0
2003 38 3;795;024033730162;6;1;0;1;0;0;0;0;0;0;1;1;0;0
2003 38 3;796;024033811159;6;1;0;0;0;0;0;0;0;0;0;0;0;0
2003 38 3;797;024033810902;6;0;0;1;1;0;0;0;0;0;0;0;0;0
2003 38 3;798;024033720184;3;1;0;1;0;0;0;0;0;1;0;0;0;0
2003 38 3;799;024033811412;3;0;0;0;0;1;0;0;0;0;0;0;0;0
2003 38 3;800;024033720188;3;1;0;1;0;0;0;0;0;1;0;0;0;0
2003 38 3;801;024033810244;3;0;1;1;0;0;0;0;0;0;0;0;0;0
2003 38 3;802;024033811126;3;1;0;0;0;0;0;0;0;0;0;0;0;0
2003 38 3;803;024033720187;3;1;0;1;0;0;0;0;0;1;0;0;0;0
2003 38 3;804;024033821315;12;0;0;0;1;0;0;0;0;0;0;0;0;0
2003 38 3;805;024033730217;12;1;0;1;0;0;0;0;0;0;1;1;0;0
2003 38 3;806;024033720266;1;1;0;1;0;0;0;0;0;1;0;0;0;0
2003 38 3;807;024033821342;1;0;0;0;0;1;0;0;0;0;0;0;0;0
2003 38 3;808;024033720173;1;1;0;1;0;0;0;0;0;1;0;0;0;0
2003 38 3;809;024033821231;12;0;0;1;1;0;0;0;0;0;0;0;1;0
2003 38 3;810;024033811020;2;1;0;0;0;0;0;0;0;0;0;0;0;0
2003 38 3;811;024033720002;2;1;0;1;0;0;0;0;0;1;0;0;0;0
2003 38 3;812;024033821324;2;0;0;0;0;1;0;0;0;0;0;0;0;0
2003 38 3;813;024033720405;12;1;0;1;0;0;0;1;0;0;1;1;0;1
2003 38 3;814;024033720601;12;1;0;1;0;0;0;0;0;1;0;0;0;0
2003 38 3;815;024033820134;12;0;0;0;1;0;0;0;0;0;0;0;1;0
2003 38 3;816;024033710798;12;1;0;1;0;0;0;0;1;0;0;0;0;0
2003 38 3;817;024033720570;12;1;0;1;0;0;0;0;0;1;0;0;0;0
2003 38 3;818;024033821311;12;0;0;0;0;1;0;1;0;0;0;0;0;0
2003 38 3;819;024033730204;12;1;0;1;0;0;0;0;0;0;1;1;0;0
2003 38 3;820;024033811113;12;1;0;0;0;0;0;0;0;0;0;0;0;0
2003 38 3;821;024033810015;5;0;1;1;0;0;0;0;0;0;0;0;0;0
2003 38 3;822;024033810632;5;0;0;1;0;1;0;0;0;0;0;0;1;0
2003 38 3;823;024033810735;12;1;0;0;0;0;0;0;0;0;1;0;0;0
2003 38 3;824;024033720226;12;1;0;1;0;0;0;0;0;1;0;0;0;0
2003 38 3;825;024033810537;12;0;0;1;1;0;0;0;0;0;0;0;0;0
2003 38 3;826;024033810692;7;1;0;0;0;0;1;0;0;0;0;0;0;0
2003 38 3;827;024033720196;7;1;0;1;0;0;0;0;0;1;0;0;0;0
2003 38 3;828;024033821335;7;0;0;0;0;1;0;0;0;0;0;0;0;0
2003 38 3;829;024033720419;7;1;0;1;0;0;0;1;0;0;1;1;0;1
2003 38 3;830;024033720413;7;1;0;1;0;0;0;0;0;1;0;0;0;0
2003 38 3;831;024033820138;2;0;0;0;1;0;0;0;0;0;0;0;1;0
2003 38 3;832;024033750596;3;1;0;1;0;0;0;0;0;0;0;0;0;0
2003 38 3;833;024033720225;3;1;0;1;0;0;0;0;0;1;0;0;0;0
2003 38 3;834;024033821348;3;0;0;0;0;1;0;0;0;0;0;0;0;0
2003 38 3;835;024033720201;3;1;0;1;0;0;0;0;0;1;0;0;0;0
2003 38 3;836;024033811246;13;1;0;0;0;0;0;0;0;0;0;0;0;0
2003 38 3;837;024033810116;5;0;1;1;0;0;0;0;0;0;0;0;0;0
2003 38 3;838;024033730190;7;1;0;1;0;0;0;0;0;0;1;1;0;0
2003 38 3;839;024033811408;7;0;0;0;0;1;0;0;0;0;0;0;0;0
2003 38 3;840;024033720500;7;1;0;1;0;0;0;0;0;1;0;0;0;0
2003 38 3;841;024033810693;7;1;0;0;0;0;1;0;0;0;0;0;0;0
2003 38 3;842;024033821217;11;0;0;0;1;0;0;0;0;0;0;0;1;0
2003 38 3;843;024033720172;9;1;0;1;0;0;0;0;0;1;0;0;0;0
2003 38 3;844;024033750330;9;1;0;1;0;0;0;0;0;0;0;0;0;0
2003 38 3;845;024033821337;9;0;0;0;0;1;0;0;0;0;0;0;0;0
2003 38 3;846;024033720569;6;1;0;1;0;0;0;0;0;1;0;0;0;0
2003 38 3;847;024033720409;6;1;0;1;0;0;0;1;0;0;1;1;0;1
2003 38 3;848;024033821261;6;0;0;0;1;0;0;0;0;0;0;0;1;0
2003 38 3;849;024033720602;6;1;0;1;0;0;0;0;0;1;0;0;0;0
2003 38 3;850;024033810918;6;1;0;0;0;0;0;0;0;0;0;0;0;0
2003 38 3;851;024033810563;5;0;0;1;0;1;0;0;0;0;0;0;1;0
2003 38 3;852;024033810228;5;1;0;0;0;0;1;0;0;0;0;0;0;0
2003 38 3;853;024033720664;5;1;0;1;0;0;0;0;0;1;0;0;0;0
2003 38 3;854;024033810590;5;0;0;1;0;1;0;0;0;0;0;0;1;0
2003 38 3;855;024033811112;9;1;0;0;0;0;0;0;0;0;0;0;0;0
2003 38 3;856;024033630829;1;1;0;1;0;0;0;0;1;1;0;1;0;0
2003 38 3;857;024033810154;10;0;1;1;0;0;0;0;0;0;0;0;0;0
2003 38 3;858;024033811160;6;1;0;0;0;0;0;0;0;0;0;0;0;0
2003 38 3;859;024033810631;5;0;0;1;0;1;0;0;0;0;0;0;1;0
2003 38 3;860;024033810713;12;1;0;0;0;0;0;0;0;0;1;0;0;0
2003 38 3;861;024033750549;12;1;0;1;0;0;0;0;0;0;0;0;0;0
2003 38 3;862;024033820141;12;0;0;0;1;0;0;0;0;0;0;0;1;0
2003 38 3;863;024033720398;1;1;0;1;0;0;0;0;0;1;0;0;0;0
2003 38 3;864;024033720418;1;1;0;1;0;0;0;1;0;0;1;1;0;1
2003 38 3;865;024033821329;7;0;0;0;0;1;0;0;0;0;0;0;0;0
2003 38 3;866;024033750833;7;1;0;1;0;0;0;0;0;0;0;0;0;0
2003 38 3;867;024033720265;7;1;0;1;0;0;0;0;0;1;0;0;0;0
2003 38 3;868;024033810539;7;0;0;0;1;0;0;0;0;0;0;0;0;0
2003 38 3;869;024033770001;7;1;0;1;0;0;0;0;0;1;0;0;0;0
2003 38 3;870;024033811237;7;1;0;0;0;0;0;0;0;0;0;0;0;0
2003 38 3;871;024033810660;7;0;0;1;0;1;0;0;0;0;0;0;0;0
2003 38 3;872;024033720583;7;1;0;1;0;0;0;0;0;1;0;0;0;0
2003 38 3;873;024033810190;7;1;0;0;0;0;1;0;0;0;0;0;1;0
2003 38 3;874;024033730179;7;1;0;1;0;0;0;0;0;0;1;1;0;0
2003 38 3;875;024033810125;5;0;1;1;0;0;0;0;0;0;0;0;0;0
2003 38 3;876;024033811183;7;0;0;0;0;1;0;0;0;0;0;0;0;0
2003 38 3;877;024033750504;7;1;0;1;0;0;0;0;0;0;0;0;0;0
2003 38 3;878;024033720357;7;1;0;1;0;0;0;0;0;1;0;0;0;0
2003 38 3;879;024033820592;2;0;0;0;1;0;0;0;0;0;0;0;0;0
2003 38 3;880;024033811111;2;1;0;0;0;0;0;0;0;0;0;0;0;0
2003 38 3;881;024033821344;2;0;0;0;0;1;0;0;0;0;0;0;0;0
2003 38 3;882;024033720452;2;1;0;1;0;0;0;1;0;0;1;1;0;1
2003 38 3;883;024033720211;8;1;0;1;0;0;0;0;0;1;0;0;0;0
2003 38 3;884;024033811300;8;0;0;0;0;1;0;0;0;0;0;0;0;0
2003 38 3;885;024033750399;8;1;0;1;0;0;0;0;0;0;0;0;0;0
2003 38 3;886;024033720510;8;1;0;1;0;0;0;0;0;1;0;0;0;0
2003 38 3;887;024033820102;8;0;0;0;1;0;0;0;0;0;0;0;1;0
2003 38 3;888;024033720354;8;1;0;1;0;0;0;0;0;1;0;0;0;0
2003 38 3;889;024033811184;8;0;0;0;0;1;0;0;0;0;0;0;0;0
2003 38 3;890;024033810010;8;0;1;1;0;0;0;0;0;0;0;0;0;0
2003 38 3;891;024033750170;12;1;0;1;0;0;0;0;0;0;1;0;0;0
2003 38 3;892;024033720828;12;1;0;0;0;0;0;0;0;0;0;1;0;0
2003 38 3;893;024033811302;12;0;0;1;0;1;0;0;0;0;0;0;0;0
2003 38 3;894;024033720270;12;1;0;1;0;0;0;0;0;1;0;0;0;0
2003 38 3;895;024033811171;12;0;0;0;1;0;0;0;0;0;0;0;0;0
2003 38 3;896;024033750587;1;1;0;1;0;0;0;0;0;0;0;0;0;0
2003 38 3;897;024033720688;1;1;0;1;0;0;0;0;0;1;0;0;0;0
2003 38 3;898;024033811326;13;0;0;0;0;1;0;1;0;0;0;0;0;0
2003 38 3;899;024033750168;12;1;0;1;0;0;0;0;0;0;1;0;0;0
2003 38 3;900;024033720282;12;1;0;1;0;0;0;0;0;1;0;0;0;0
2003 38 3;901;024033730157;12;0;0;0;1;0;1;1;1;0;0;1;0;1
2003 38 3;902;024033740707;12;1;0;1;0;0;0;0;0;0;0;0;0;0
2003 38 3;903;024033810677;12;0;0;0;0;1;0;0;0;0;0;0;0;0
2003 38 3;904;024033750169;12;1;0;1;0;0;0;0;0;0;1;0;0;0
2003 38 3;905;024033810137;5;0;1;1;0;0;0;0;0;0;0;0;0;0
2003 38 3;906;024033811204;6;1;0;0;0;0;0;0;0;0;0;0;0;0
2003 38 3;907;024033630321;6;1;0;1;0;0;0;0;1;1;0;1;0;0
2003 38 3;908;024033821257;6;0;0;1;1;0;0;0;0;0;0;0;1;0
2003 38 3;909;024033750181;1;1;0;0;0;0;0;0;0;0;0;0;0;0
2003 38 3;910;024033720649;1;1;0;1;0;0;0;0;0;1;0;0;0;0
2003 38 3;911;024033810560;1;0;0;0;0;1;0;0;0;0;0;0;0;0
2003 38 3;912;024033750146;1;1;0;1;0;0;0;0;0;0;1;0;0;0
2003 38 3;913;024033720598;1;1;0;1;0;0;0;0;0;1;0;0;0;0
2003 38 3;914;024033820117;12;0;0;0;1;0;0;0;0;0;0;0;1;0
2003 38 3;915;024033730234;12;1;0;1;0;0;0;0;0;0;1;1;0;0
2003 38 3;916;024033810858;12;0;0;0;0;1;0;0;0;0;0;0;0;0
2003 38 3;917;024033810062;6;1;0;0;0;0;0;0;0;0;0;0;1;0
2003 38 3;918;024033720443;6;1;0;1;0;0;0;0;0;1;0;0;0;0
2003 38 3;919;024033750239;6;1;0;1;0;0;0;0;0;0;0;0;0;0
2003 38 3;920;024033710166;6;1;0;0;0;0;0;0;0;0;0;1;1;0
2003 38 3;921;024033811304;10;0;0;1;0;1;0;0;0;0;0;0;0;0
2003 38 3;922;024033810752;6;1;0;0;0;0;0;0;0;0;1;0;0;0
2003 38 3;923;024033750989;1;0;1;1;0;0;0;0;0;0;0;0;0;0
2003 38 3;924;024033811279;1;1;0;0;0;0;0;0;0;0;0;0;0;0
2003 38 3;925;024033810946;1;0;0;1;1;0;0;0;0;0;0;0;0;0
2003 38 3;926;024033720638;1;1;0;1;0;0;0;0;0;1;0;0;0;0
2003 38 3;927;024033810892;9;1;0;0;0;0;0;1;0;0;0;0;0;1
2003 38 3;928;024033820914;9;0;0;1;0;1;0;0;0;0;0;0;0;0
2003 38 3;929;024033810196;9;1;0;0;0;0;1;0;0;0;0;0;1;0
2003 38 3;930;024033730236;1;1;0;1;0;0;0;0;0;0;1;1;0;0
2003 38 3;931;024033810004;1;0;0;1;1;0;0;0;0;0;0;0;0;0
2003 38 3;932;024033811206;1;1;0;0;0;0;0;0;0;0;0;0;0;0
2003 38 3;933;024033720244;1;1;0;1;0;0;0;0;0;1;0;0;0;0
2003 38 3;934;024033810625;5;0;0;1;0;1;0;0;0;0;0;0;1;0
2003 38 3;935;024033810917;12;1;0;0;0;0;0;0;0;0;0;0;0;0
2003 38 3;936;024033810723;12;1;0;0;0;0;0;0;0;0;1;0;0;0
2003 38 3;937;024033810547;12;0;0;1;1;0;0;0;0;0;0;0;0;0
2003 38 3;938;024033730229;12;1;0;1;0;0;0;0;0;0;1;1;0;0
2003 38 3;939;024033720607;12;1;0;0;0;0;0;1;0;0;0;0;0;0
2003 38 3;940;024033810023;5;0;1;1;0;0;0;0;0;0;0;0;0;0
2003 38 3;941;024033531407;8;1;0;1;0;0;0;0;0;1;0;0;1;0
2003 38 3;942;024033821072;8;0;0;0;0;1;0;0;0;0;0;0;0;0
2003 38 3;943;024033720652;8;1;0;1;0;0;0;0;0;1;0;0;0;0
2003 38 3;944;024033810536;8;0;0;1;1;0;0;0;0;0;0;0;0;0
2003 38 3;945;024033811077;7;1;0;0;0;0;0;0;0;0;0;0;0;0
2003 38 3;946;024033720322;7;1;0;1;0;0;0;0;0;1;0;0;0;0
2003 38 3;947;024033810641;7;0;0;0;0;1;0;0;0;0;0;0;0;0
2003 38 3;948;024033531446;7;1;0;1;0;0;0;0;0;1;0;0;1;0
2003 38 3;949;024033730178;7;1;0;1;0;0;0;0;0;0;1;1;0;0
2003 38 3;950;024033820369;7;0;0;0;1;0;0;0;0;0;0;0;0;0
2003 38 3;951;024033531427;1;1;0;1;0;0;0;0;0;1;0;0;1;0
2003 38 3;952;024033810545;1;0;0;1;0;1;0;0;0;0;0;0;0;0
2003 38 3;953;024033811231;1;1;0;0;0;0;0;1;0;0;0;0;0;1
2003 38 3;954;024033770003;7;1;0;1;0;0;0;0;0;1;0;0;0;0
2003 38 3;955;024033810100;7;0;0;1;1;0;0;0;0;0;0;0;0;0
2003 38 3;956;024033811136;7;1;0;0;0;0;0;0;0;0;0;0;0;0
2003 38 3;957;024033531443;7;1;0;1;0;0;0;0;0;1;0;0;1;0
2003 38 3;958;024033730183;7;1;0;1;0;0;0;0;0;0;1;1;0;0
2003 38 3;959;024033811428;2;0;0;0;0;1;0;0;0;0;0;0;0;0
2003 38 3;960;024033730531;2;1;0;1;0;0;0;0;0;1;0;0;0;0
2003 38 3;961;024033820081;2;0;0;1;1;0;0;0;0;0;0;0;1;0
2003 38 3;962;024033811084;7;1;0;0;0;0;0;0;0;0;0;0;0;0
2003 38 3;963;024033720222;7;1;0;1;0;0;0;0;0;1;0;0;0;0
2003 38 3;964;024033810118;7;0;0;1;0;1;0;0;0;0;0;0;0;0
2003 38 3;965;024033810737;12;1;0;0;0;0;0;0;0;0;1;0;0;0
2003 38 3;966;024033820112;12;0;0;0;1;0;0;0;0;0;0;0;1;0
2003 38 3;967;024033750208;7;1;0;1;0;0;0;0;0;0;0;0;0;0
2003 38 3;968;024033720200;7;1;0;1;0;0;0;0;0;1;0;0;0;0
2003 38 3;969;024033810546;7;0;0;0;0;1;0;0;0;0;0;0;0;0
2003 38 3;970;024033720936;7;1;0;0;0;0;0;0;0;0;0;1;0;0
2003 38 3;971;024033730292;7;1;0;1;0;0;0;1;0;1;0;0;0;1
2003 38 3;972;024033820129;7;0;0;1;1;0;0;0;0;0;0;0;1;0
2003 38 3;973;024033811085;7;1;0;0;0;0;0;0;0;0;0;0;0;0
2003 38 3;974;024033720248;7;1;0;1;0;0;0;0;0;1;0;0;0;0
2003 38 3;975;024033821025;7;0;0;1;0;1;0;0;0;0;0;0;0;0
2003 38 3;976;024033810057;4;1;0;0;0;0;0;0;0;0;0;0;1;0
2003 38 3;977;024033810022;5;0;1;1;0;0;0;0;0;0;0;0;0;0
2003 38 3;978;024033730246;9;1;0;1;0;0;0;0;0;0;1;1;0;0
2003 38 3;979;024033810205;9;1;0;0;0;0;1;0;0;0;0;0;1;0
2003 38 3;980;024033720227;9;1;0;1;0;0;0;0;0;1;0;0;0;0
2003 38 3;981;024033811401;9;0;0;0;0;1;0;0;0;0;0;0;0;0
2003 38 3;982;024033810049;9;1;0;0;0;0;0;0;0;0;0;0;1;0
2003 38 3;983;024033750174;9;1;0;1;0;0;0;0;0;0;1;0;0;0
2003 38 3;984;024033730154;2;0;0;1;1;0;0;0;1;1;0;0;0;0
2003 38 3;985;024033811287;2;1;0;0;0;0;0;0;0;0;0;0;0;0
2003 38 3;986;024033750024;2;1;0;1;0;0;0;0;0;0;0;0;1;0
2003 38 3;987;024033811029;2;0;0;0;0;1;0;0;0;0;0;0;0;0
2003 38 3;988;024033720353;9;1;0;1;0;0;0;0;0;1;0;0;0;0
2003 38 3;989;024033730139;9;1;0;1;0;0;0;1;0;0;1;1;0;1
2003 38 3;990;024033820086;9;0;0;0;1;0;0;0;0;0;0;0;1;0
2003 38 3;991;024033720240;9;1;0;1;0;0;0;0;0;1;0;0;0;0
2003 38 3;992;024033750591;9;1;0;1;0;0;0;0;0;0;0;0;0;0
2003 38 3;993;024033821070;9;0;0;0;0;1;0;0;0;0;0;0;0;0
2003 38 3;994;024033720235;9;1;0;1;0;0;0;0;0;1;0;0;0;0
2003 38 3;995;024033531419;9;1;0;1;0;0;0;0;0;1;0;0;1;0
2003 38 3;996;024033710107;12;0;0;0;1;0;0;0;1;0;0;0;0;0
2003 38 3;997;024033730226;12;1;0;1;0;0;0;0;0;0;1;1;0;0
2003 38 3;998;024033720561;12;1;0;1;0;0;0;0;0;1;0;0;0;0
2003 38 3;999;024033810643;2;0;0;0;0;1;0;0;0;0;0;0;0;0
2003 38 3;1000;024033750232;2;1;0;1;0;0;0;0;0;0;0;0;0;0
2003 38 3;1001;024033810991;2;1;0;0;0;0;0;0;0;0;0;0;0;0
2003 38 3;1002;024033820359;6;0;0;1;1;0;0;0;0;0;0;0;0;0
2003 38 3;1003;024033531436;6;1;0;1;0;0;0;0;0;1;0;0;1;0
2003 38 3;1004;024033811179;6;1;0;0;0;0;0;0;0;0;0;0;0;0
2003 38 3;1005;024033810297;5;0;1;1;0;0;0;0;0;0;0;0;0;0
2003 38 3;1006;024033810586;5;0;0;1;0;1;0;0;0;0;0;0;1;0
2003 38 3;1007;024033810711;12;1;0;0;0;0;0;0;0;0;1;0;0;0
2003 38 3;1008;024033650243;12;1;0;1;0;0;0;0;0;1;0;1;0;0
2003 38 3;1009;024033810498;12;0;0;1;1;0;0;0;0;0;0;0;0;0
2003 38 3;1010;024033810722;12;1;0;0;0;0;0;0;0;0;1;0;0;0
2003 38 3;1011;024033750459;5;1;0;1;0;0;0;0;0;0;0;0;0;0
2003 38 3;1012;024033810603;5;0;0;1;0;1;0;0;0;0;0;0;1;0
2003 38 3;1013;024033750026;11;1;0;0;0;0;1;0;0;0;0;0;1;0
2003 38 3;1014;024033720738;11;1;0;1;0;0;0;0;0;1;0;0;0;0
2003 38 3;1015;024033821236;11;0;0;1;1;0;0;0;0;0;0;0;0;0
2003 38 3;1016;024033650267;6;1;0;0;0;0;0;0;0;0;0;1;0;0
2003 38 3;1017;024033720689;6;1;0;1;0;0;0;0;0;1;0;0;0;0
2003 38 3;1018;024033810628;5;0;0;1;0;1;0;0;0;0;0;0;1;0
2003 38 3;1019;024033810739;12;1;0;0;0;0;0;0;0;0;1;0;0;0
2003 38 3;1020;024033720715;12;1;0;1;0;0;0;0;0;1;0;0;0;0
2003 38 3;1021;024033810549;12;0;0;0;1;0;0;0;0;0;0;0;0;0
2003 38 3;1022;024033640072;12;1;0;1;0;0;0;0;1;1;0;1;0;0
2003 38 3;1023;024033810167;5;1;0;0;0;0;1;0;0;0;0;0;1;0
2003 38 3;1024;024033810008;5;0;1;1;0;0;0;0;0;0;0;0;0;0
2003 38 3;1025;024033740641;5;1;0;1;0;0;0;0;0;0;0;0;0;0
2003 38 3;1026;024033811367;11;0;0;0;0;1;0;1;0;0;0;0;0;0
2003 38 3;1027;024033720588;11;1;0;1;0;0;0;0;0;1;0;0;0;0
2003 38 3;1028;024033750527;11;1;0;1;0;0;0;0;0;0;0;0;0;0
2003 38 3;1029;024033820106;11;0;0;0;1;0;0;0;0;0;0;0;1;0
2003 38 3;1030;024033720482;7;1;0;1;0;0;0;1;0;0;1;1;0;1
2003 38 3;1031;024033720228;7;1;0;1;0;0;0;0;0;1;0;0;0;0
2003 38 3;1032;024033810848;7;0;0;0;0;1;0;0;0;0;0;0;0;0
2003 38 3;1033;024033750240;7;1;0;1;0;0;0;0;0;0;0;0;0;0
2003 38 3;1034;024033531442;7;1;0;1;0;0;0;0;0;1;0;0;1;0
2003 38 3;1035;024033820375;12;0;0;0;1;0;0;0;0;0;0;0;0;0
2003 38 3;1036;024033811109;12;1;0;0;0;0;0;0;0;0;0;0;0;0
2003 38 3;1037;024033730228;12;1;0;1;0;0;0;0;0;0;1;1;0;0
2003 38 3;1038;024032531294;5;0;0;1;0;1;0;0;0;0;0;0;0;0
2003 38 3;1039;024033450385;5;1;0;0;0;0;0;0;0;0;0;0;1;0
2003 38 3;1040;024033810163;5;0;1;1;0;0;0;0;0;0;0;0;0;0
2003 38 3;1041;024033630555;5;1;0;1;0;0;0;0;0;0;0;0;0;0
2003 38 3;1042;024033810715;12;1;0;0;0;0;0;0;0;0;1;0;0;0
2003 38 3;1043;024033811191;12;0;0;0;0;1;0;0;0;0;0;0;0;0
2003 38 3;1044;024033750890;12;1;0;1;0;0;0;0;0;0;0;0;0;0
2003 38 3;1045;024033810553;12;0;0;1;1;0;0;0;0;0;0;0;0;0
2003 38 3;1046;024033810962;12;1;0;0;0;0;0;1;0;0;0;0;0;1
2003 38 3;1047;024033730211;12;1;0;1;0;0;0;0;0;0;1;1;0;0
2003 38 3;1048;024033810666;11;0;0;0;0;1;0;0;0;0;0;0;0;0
2003 38 3;1049;024033720277;6;1;0;1;0;0;0;0;0;1;0;0;0;0
2003 38 3;1050;024033750843;6;1;0;1;0;0;0;0;0;0;0;0;0;0
2003 38 3;1051;024033820109;6;0;0;0;1;0;0;0;0;0;0;0;1;0
2003 38 3;1052;024033730070;6;1;0;1;0;0;0;0;0;1;0;0;0;0
2003 38 3;1053;024033730160;6;1;0;1;0;0;0;0;0;0;1;1;0;0
2003 38 3;1054;024033811411;3;0;0;0;0;1;0;0;0;0;0;0;0;0
2003 38 3;1055;024033720012;3;1;0;1;0;0;0;0;0;1;0;0;0;0
2003 38 3;1056;024033720458;3;1;0;1;0;0;0;0;0;1;0;0;0;0
2003 38 3;1057;024033810109;3;0;0;0;1;0;0;0;0;0;0;0;0;0
2003 38 3;1058;024033720192;3;1;0;1;0;0;0;0;0;1;0;0;0;0
2003 38 3;1059;024033810581;5;0;0;1;0;1;0;0;0;0;0;0;1;0
2003 38 3;1060;024033810683;5;1;0;0;0;0;1;0;0;0;0;0;0;0
2003 38 3;1061;024033810106;5;0;1;1;0;0;0;0;0;0;0;0;0;0
2003 38 3;1062;024033531502;9;1;0;1;0;0;0;0;0;1;0;0;1;0
2003 38 3;1063;024033811200;9;1;0;0;0;0;0;0;0;0;0;0;0;0
2003 38 3;1064;024033811336;9;0;0;0;0;1;0;1;0;0;0;0;0;0
2003 38 3;1065;024033720370;9;1;0;1;0;0;0;0;0;1;0;0;0;0
2003 38 3;1066;024033820716;12;0;0;0;1;0;0;0;0;0;0;0;0;0
2003 38 3;1067;024033730208;12;1;0;1;0;0;0;0;0;0;1;1;0;0
2003 38 3;1068;024033720741;12;1;0;1;0;0;0;0;0;1;0;0;0;0
2003 38 3;1069;024033811317;2;0;0;0;0;1;0;1;0;0;0;0;0;0
2003 38 3;1070;024033750018;4;1;0;1;0;0;0;0;0;0;0;0;0;0
2003 38 3;1071;024033531430;4;1;0;1;0;0;0;0;0;1;0;0;1;0
2003 38 3;1072;024033820657;4;0;0;0;1;0;0;0;0;0;0;0;0;0
2003 38 3;1073;024033811095;4;1;0;0;0;0;0;0;0;0;0;0;0;0
2003 38 3;1074;024033720462;4;1;0;1;0;0;0;1;0;0;1;1;0;1
2003 38 3;1075;024033810626;5;0;0;1;0;1;0;0;0;0;0;0;1;0
2003 38 3;1076;024033810685;5;1;0;0;0;0;1;0;0;0;0;0;0;0
2003 38 3;1077;024033810298;5;0;1;1;0;0;0;0;0;0;0;0;0;0
2003 38 3;1078;024033750589;5;1;0;1;0;0;0;0;0;0;0;0;0;0
2003 38 3;1079;024033821253;5;0;0;0;0;1;0;0;0;0;0;0;0;0
2003 38 3;1080;024033811144;4;1;0;0;0;0;0;1;0;0;0;0;0;0
2003 38 3;1081;024033720445;4;1;0;1;0;0;0;0;0;1;0;0;0;0
2003 38 3;1082;024033820095;4;0;0;0;1;0;0;0;0;0;0;0;1;0
2003 38 3;1083;024033750167;12;1;0;1;0;0;0;0;0;0;1;0;0;0
2003 38 3;1084;024033720627;12;1;0;0;0;0;0;0;0;0;0;1;0;0
2003 38 3;1085;024033811308;12;0;0;1;0;1;0;0;0;0;0;0;0;0
2003 38 3;1086;024033810730;12;1;0;0;0;0;0;0;0;0;1;0;0;0
2003 38 3;1087;024033531416;12;1;0;1;0;0;0;0;0;1;0;0;1;0
2003 38 3;1088;024033810102;12;0;0;1;1;0;0;0;0;0;0;0;0;0
2003 38 3;1089;024033730398;12;1;0;0;0;0;0;1;0;0;0;0;0;1
2003 38 3;1090;024033531493;7;1;0;1;0;0;0;0;0;1;0;0;1;0
2003 38 3;1091;024033821290;7;0;0;0;0;1;0;0;0;0;0;0;0;0
2003 38 3;1092;024033730171;7;1;0;1;0;0;0;0;0;0;1;1;0;0
2003 38 3;1093;024033720179;7;1;0;1;0;0;0;0;0;1;0;0;0;0
2003 38 3;1094;024033821268;7;0;0;0;1;0;0;0;0;0;0;0;1;0
2003 38 3;1095;024033811083;7;1;0;0;0;0;0;0;0;0;0;0;0;0
2003 38 3;1096;024033720581;7;1;0;1;0;0;0;0;0;1;0;0;0;0
2003 38 3;1097;024033810602;5;0;0;1;0;1;0;0;0;0;0;0;1;0
2003 38 3;1098;024033810700;4;1;0;0;0;0;1;0;0;0;0;0;0;0
2003 38 3;1099;024033730391;4;1;0;1;0;0;0;0;0;1;0;0;0;0
2003 38 3;1100;024033810296;5;0;1;1;0;0;0;0;0;0;0;0;0;0
2003 38 3;1101;024033811202;13;1;0;0;0;0;0;0;0;0;0;0;0;0
2003 38 3;1102;024033730258;13;1;0;1;0;0;0;0;0;0;1;1;0;0
2003 38 3;1103;024033821283;13;0;0;0;0;1;0;0;0;0;0;0;0;0
2003 38 3;1104;024033750025;13;1;0;1;0;0;0;0;0;0;0;0;1;0
2003 38 3;1105;024033720348;13;1;0;1;0;0;0;0;0;1;0;0;0;0
2003 38 3;1106;024033821297;13;0;0;0;1;0;0;0;0;0;0;0;1;0
2003 38 3;1107;024033720695;9;1;0;1;0;0;0;0;0;1;0;0;0;0
2003 38 3;1108;024033730243;9;1;0;1;0;0;0;0;0;0;1;1;0;0
2003 38 3;1109;024034020222;9;0;0;0;0;1;0;0;0;0;0;0;0;0
2003 38 3;1110;024033730490;9;1;0;1;0;0;0;0;0;1;0;0;0;0
2003 38 3;1111;024033730092;12;1;0;1;0;0;0;0;1;0;0;0;0;0
2003 38 3;1112;024033820715;12;0;0;0;1;0;0;0;0;0;0;0;0;0
2003 38 3;1113;024033730758;12;1;0;1;0;0;0;0;0;1;0;0;0;0
2003 38 3;1114;024033730151;12;1;0;1;0;0;0;1;0;0;1;1;0;1
2003 38 3;1115;024033810044;12;1;0;0;0;0;0;0;0;0;0;0;1;0
2003 38 3;1116;024033821233;8;0;0;1;0;1;0;0;0;0;0;0;0;0
2003 38 3;1117;024033720319;8;1;0;1;0;0;0;0;0;1;0;0;0;0
2003 38 3;1118;024033811016;8;1;0;0;0;0;0;0;0;0;0;0;0;0
2003 38 3;1119;024033810149;10;0;0;1;1;0;0;0;0;0;0;0;0;0
2003 38 3;1120;024033720469;10;1;0;1;0;0;0;0;0;1;0;0;0;0
2003 38 3;1121;024033810740;12;1;0;0;0;0;0;0;0;0;1;0;0;0
2003 38 3;1122;024033811189;12;0;0;1;0;1;0;0;0;0;0;0;0;0
2003 38 3;1123;024033730224;12;1;0;1;0;0;0;0;0;0;1;1;0;0
2003 38 3;1124;024033811250;12;1;0;0;0;0;1;0;0;0;0;0;0;0
2003 38 3;1125;024033810011;12;0;1;1;0;0;0;0;0;0;0;0;0;0
2003 38 3;1126;024033531500;12;1;0;1;0;0;0;0;0;1;0;0;1;0
2003 38 3;1127;024033811073;12;1;0;0;0;0;0;0;0;0;0;0;0;0
2003 38 3;1128;024033830663;12;0;0;1;0;1;0;0;0;0;0;0;0;0
2003 38 3;1129;024033730203;12;1;0;1;0;0;0;0;0;0;1;1;0;0
2003 38 3;1130;024033730717;12;0;0;0;1;0;0;0;1;0;0;0;0;0
2003 38 3;1131;024033720582;1;1;0;1;0;0;0;0;0;1;0;0;0;0
2003 38 3;1132;024033750476;1;1;0;1;0;0;0;0;0;0;0;0;0;0
2003 38 3;1133;024033810672;1;0;0;0;0;1;0;0;0;0;0;0;0;0
2003 38 3;1134;024033720264;1;1;0;1;0;0;0;0;0;1;0;0;0;0
2003 38 3;1135;024033720425;1;1;0;1;0;0;0;1;0;0;1;1;0;1
2003 38 3;1136;024033821298;12;0;0;0;1;0;1;0;0;0;0;0;1;0
2003 38 3;1137;024033720393;10;1;0;1;0;0;0;0;0;1;0;0;0;0
2003 38 3;1138;024033821230;10;0;0;1;0;1;0;1;0;0;0;0;0;0
2003 38 3;1139;024033811110;12;1;0;0;0;0;0;0;0;0;0;0;0;0
2003 38 3;1140;024033720661;10;1;0;1;0;0;0;0;0;1;0;0;0;0
2003 38 3;1141;024033810217;10;0;1;1;0;0;0;0;0;0;0;0;0;0
2003 38 3;1142;024033530145;7;1;0;0;0;0;0;0;1;0;0;1;1;0
2003 38 3;1143;024033820753;7;0;0;1;0;1;0;0;0;0;0;0;0;0
2003 38 3;1144;024033811074;7;1;0;0;0;0;0;0;0;0;0;0;0;0
2003 38 3;1145;024033720232;7;1;0;1;0;0;0;0;0;1;0;0;0;0
2003 38 3;1146;024033820356;12;0;0;1;1;0;0;0;0;0;0;0;0;0
2003 38 3;1147;024033810710;12;1;0;0;0;0;0;0;0;0;1;0;0;0
2003 38 3;1148;024033730540;12;1;0;1;0;0;0;0;0;1;0;0;0;0
2003 38 3;1149;024033821293;12;0;0;0;0;1;0;0;0;0;0;0;0;0
2003 38 3;1150;024033750280;12;1;0;1;0;0;0;0;0;0;0;0;0;0
2003 38 3;1151;024033720709;12;1;0;0;0;0;0;1;0;0;0;1;0;0
2003 38 3;1152;024033820598;12;0;0;1;1;0;0;0;0;0;0;0;0;0
2003 38 3;1153;024033730470;12;1;0;1;0;0;0;0;0;1;0;0;0;0
2003 38 3;1154;024033810733;12;1;0;0;0;0;0;0;0;0;1;0;0;0
2003 38 3;1155;024033821291;7;0;0;0;0;1;0;0;0;0;0;0;0;0
2003 38 3;1156;024033750205;9;1;0;1;0;0;0;0;0;0;0;0;0;0
2003 38 3;1157;024033730672;9;1;0;1;0;0;0;0;0;1;0;0;0;0
2003 38 3;1158;024033820714;9;0;0;0;1;0;0;0;0;0;0;0;0;0
2003 38 3;1159;024033750597;9;1;0;1;0;0;0;0;0;0;0;0;0;0
2003 38 3;1160;024033730176;7;1;0;1;0;0;0;0;0;0;1;1;0;0
2003 38 3;1161;024033821275;7;0;0;0;0;1;0;0;0;0;0;0;0;0
2003 38 3;1162;024033720733;7;1;0;1;0;0;0;0;0;1;0;0;0;0
2003 38 3;1163;024033810033;7;1;0;0;0;0;0;0;0;0;0;0;1;0
2003 38 3;1164;024033820313;7;0;0;1;1;0;0;0;0;0;0;0;0;0
2003 38 3;1165;024033720181;7;1;0;1;0;0;0;0;0;1;0;0;0;0
2003 38 3;1166;024033821273;7;0;0;0;0;1;0;0;0;0;0;0;0;0
2003 38 3;1167;024033730182;7;1;0;1;0;0;0;0;0;0;1;1;0;0
2003 38 3;1168;024033810029;7;1;0;0;0;0;0;0;0;0;0;0;1;0
2003 38 3;1169;024033810221;5;0;1;1;0;0;0;0;0;0;0;0;0;0
2003 38 3;1170;024033750483;5;1;0;1;0;0;0;0;0;0;0;0;0;0
2003 38 3;1171;024033821069;5;0;0;0;0;1;0;0;0;0;0;0;0;0
2003 38 3;1172;024033531486;5;1;0;1;0;0;0;0;0;1;0;0;1;0
2003 38 3;1173;024033820525;10;0;0;1;1;0;0;0;0;0;0;0;0;0
2003 38 3;1174;024033811104;10;1;0;0;0;0;0;0;0;0;0;0;0;0
2003 38 3;1175;024033720572;10;1;0;1;0;0;0;0;0;1;0;0;0;0
2003 38 3;1176;024033810599;5;0;0;1;0;1;0;0;0;0;0;0;1;0
2003 38 3;1177;024033810732;12;1;0;0;0;0;0;0;0;0;1;0;0;0
2003 38 3;1178;024033650526;12;1;0;1;0;0;0;1;0;1;0;1;0;1
2003 38 3;1179;024024502368;12;0;0;0;1;0;1;0;0;0;0;0;1;0
2003 38 3;1180;024033730202;12;1;0;1;0;0;0;0;0;0;1;1;0;0
2003 38 3;1181;024033720524;3;1;0;1;0;0;0;0;0;1;0;0;0;0
2003 38 3;1182;024033811318;3;0;0;0;0;1;0;0;0;0;0;0;0;0
2003 38 3;1183;024033750509;5;1;0;1;0;0;0;0;0;0;0;0;0;0
2003 38 3;1184;024033810157;5;0;1;1;0;0;0;0;0;0;0;0;0;0
2003 38 3;1185;024033811158;13;1;0;0;0;0;0;0;0;0;0;0;0;0
2003 38 3;1186;024033531488;7;1;0;1;0;0;0;0;0;1;0;0;1;0
2003 38 3;1187;024033821302;7;0;0;0;0;1;0;0;0;0;0;0;0;0
2003 38 3;1188;024033730181;7;1;0;1;0;0;0;0;0;0;1;1;0;0
2003 38 3;1189;024033720178;7;1;0;1;0;0;0;0;0;1;0;0;0;0
2003 38 3;1190;024033820110;7;0;0;0;1;0;0;0;0;0;0;0;1;0
2003 38 3;1191;024033720180;7;1;0;1;0;0;0;0;0;1;0;0;0;0
2003 38 3;1192;024033750202;7;1;0;1;0;0;0;0;0;0;0;0;0;0
2003 38 3;1193;024033821071;7;0;0;0;0;1;0;0;0;0;0;0;0;0
2003 38 3;1194;024033720207;7;1;0;1;0;0;0;0;0;1;0;0;0;0
2003 38 3;1195;024033720447;7;1;0;1;0;0;0;1;0;0;1;1;0;1
2003 38 3;1196;024033811374;3;0;0;0;1;0;0;0;0;0;0;0;1;0
2003 38 3;1197;024033720685;3;1;0;1;0;0;0;0;0;1;0;0;0;0
2003 38 3;1198;024033650133;3;1;0;1;0;0;0;0;1;1;0;0;0;0
2003 38 3;1199;024033821287;3;0;0;0;0;1;0;0;0;0;0;0;0;0
2003 38 3;1200;024033730760;3;1;0;1;0;0;0;0;0;1;0;0;0;0
2003 38 3;1201;024033750155;3;1;0;1;0;0;0;0;0;0;0;0;0;0
2003 38 3;1202;024033810119;8;0;0;0;1;0;0;0;0;0;0;0;0;0
2003 38 3;1203;024033531408;8;1;0;1;0;0;0;0;0;1;0;0;1;0
2003 38 3;1204;024033730170;7;1;0;1;0;0;0;0;0;0;1;1;0;0
2003 38 3;1205;024033821076;7;0;0;0;0;1;0;0;0;0;0;0;0;0
2003 38 3;1206;024033730302;7;1;0;1;0;0;0;0;0;1;0;0;0;0
2003 38 3;1207;024033810034;7;1;0;0;0;0;0;0;0;0;0;0;1;0
2003 38 3;1208;024033820492;7;0;0;1;1;0;0;0;0;0;0;0;0;0
2003 38 3;1209;024033730300;7;1;0;1;0;0;0;0;0;1;0;0;0;0
2003 38 3;1210;024033821029;7;0;0;0;0;1;0;0;0;0;0;0;0;0
2003 38 3;1211;024033750171;7;1;0;1;0;0;0;0;0;0;1;0;0;0
2003 38 3;1212;024033530144;7;1;0;0;0;0;0;0;1;0;0;1;1;0
2003 38 3;1213;024033810129;5;0;1;1;0;0;0;0;0;0;0;0;0;0
2003 38 3;1214;024033730715;8;1;0;1;0;0;0;0;0;1;0;0;0;0
2003 38 3;1215;024033810037;8;1;0;0;0;0;0;0;0;0;0;0;1;0
2003 38 3;1216;024033821067;8;0;0;1;0;1;0;0;0;0;0;0;0;0
2003 38 3;1217;024033730091;8;1;0;1;0;0;0;0;0;1;0;0;0;0
2003 38 3;1218;024024502369;8;0;0;0;1;0;0;0;0;0;0;0;1;0
2003 38 3;1219;024033730761;8;1;0;1;0;0;0;0;0;1;0;0;0;0
2003 38 3;1220;024033750400;8;1;0;1;0;0;0;0;0;0;0;0;0;0
2003 38 3;1221;024033810875;2;0;0;0;0;1;0;0;0;0;0;0;0;0
2003 38 3;1222;024033730299;7;1;0;1;0;0;0;0;0;1;0;0;0;0
2003 38 3;1223;024033730200;7;1;0;1;0;0;0;0;0;0;1;1;0;0
2003 38 3;1224;024033820391;7;0;0;0;1;0;0;0;0;0;0;0;0;0
2003 38 3;1225;024033730503;7;1;0;1;0;0;0;0;0;1;0;0;0;0
2003 38 3;1226;024033820659;7;0;0;1;0;1;0;0;0;0;0;0;0;0
2003 38 3;1227;024033811169;7;1;0;0;0;0;0;0;0;0;0;0;0;0
2003 38 3;1228;024033810007;5;0;1;1;0;0;0;0;0;0;0;0;0;0
2003 38 3;1229;024033750603;5;1;0;1;0;0;0;0;0;0;0;0;0;0
2003 38 3;1230;024033810684;5;1;0;0;0;0;1;0;0;0;0;0;0;0
2003 38 3;1231;024033810601;5;0;0;1;0;1;0;0;0;0;0;0;1;0
2003 38 3;1232;024033730212;12;1;0;1;0;0;0;0;0;0;1;1;0;0
2003 38 3;1233;024033820640;12;0;0;0;1;0;0;0;0;0;0;0;0;0
2003 38 3;1234;024033730508;9;1;0;1;0;0;0;0;0;1;0;0;0;0
2003 38 3;1235;024033811033;9;1;0;0;0;0;0;0;0;0;0;0;0;0
2003 38 3;1236;024033820771;9;0;0;1;0;1;0;0;0;0;0;0;0;0
2003 38 3;1237;024033730072;9;1;0;1;0;0;0;0;0;1;0;0;0;0
2003 38 3;1238;024033810757;9;1;0;0;0;0;0;0;0;0;1;0;0;0
2003 38 3;1239;024033821222;9;0;0;1;1;0;0;0;0;0;0;0;0;0
2003 38 3;1240;024033730759;9;1;0;1;0;0;0;0;0;1;0;0;0;0
2003 38 3;1241;024033730545;9;1;0;0;0;0;0;1;0;0;0;0;0;1
2003 38 3;1242;024033811381;1;0;0;1;0;1;0;0;0;0;0;0;0;0
2003 38 3;1243;024033720280;1;1;0;1;0;0;0;0;0;1;0;0;0;0
2003 38 3;1244;024033820490;12;0;0;0;1;0;0;0;0;0;0;0;0;0
2003 38 3;1245;024033730210;12;1;0;1;0;0;0;0;0;0;1;1;0;0
2003 38 3;1246;024033750500;12;1;0;1;0;0;0;0;0;0;0;0;0;0
2003 38 3;1247;024033821279;12;0;0;0;0;1;0;0;0;0;0;0;0;0
2003 38 3;1248;024033730341;12;1;0;1;0;0;0;0;0;1;0;0;0;0
2003 38 3;1249;024033750217;12;1;0;1;0;0;0;0;0;0;0;0;0;0
2003 38 3;1250;024033820091;12;0;0;0;1;0;0;0;0;0;0;0;1;0
2003 38 3;1251;024033730225;12;1;0;1;0;0;0;0;0;0;1;1;0;0
2003 38 3;1252;024033821295;2;0;0;0;0;1;0;0;0;0;0;0;0;0
2003 38 3;1253;024033730640;2;1;0;1;0;0;0;0;0;1;0;0;0;0
2003 38 3;1254;024033810134;5;0;1;1;0;0;0;0;0;0;0;0;0;0
2003 38 3;1255;024033810227;5;1;0;0;0;0;1;0;0;0;0;0;0;0
2003 38 3;1256;024033750606;5;1;0;1;0;0;0;0;0;0;0;0;0;0
2003 38 3;1257;024033810606;5;0;0;1;0;1;0;0;0;0;0;0;1;0
2003 38 3;1258;024033820641;11;0;0;0;1;0;0;0;0;0;0;0;0;0
2003 38 3;1259;024033730361;7;1;0;1;0;0;0;0;0;1;0;0;0;0
2003 38 3;1260;024033710191;7;1;0;1;0;0;0;1;0;0;1;1;0;1