Date;SeqRank;Ident;Paint Color;HPRC1;HPRC2;HPRC3;HPRC4;LPRC1;LPRC2;LPRC3;LPRC4;LPRC5;LPRC6;LPRC7;LPRC8;LPRC9;LPRC10;LPRC11;LPRC12;LPRC13;LPRC14;LPRC15;LPRC16;LPRC17;LPRC18
2003 37 5;777;025033810271;1;1;0;1;1;0;1;0;0;0;0;0;0;0;0;0;0;1;0;0;0;1;0
2003 37 5;778;025033820299;2;0;0;1;0;0;0;1;0;0;0;1;0;0;0;0;0;0;0;1;0;0;0
2003 37 5;779;025033820437;3;0;0;0;0;0;0;0;0;1;0;0;0;0;0;0;1;0;0;0;0;0;0
2003 37 5;780;025034140203;3;1;0;1;0;0;1;1;0;0;0;0;0;0;0;0;1;1;1;0;0;1;0
2003 37 5;781;025033750354;3;1;0;0;0;0;0;0;0;0;0;0;0;1;0;0;1;0;0;0;0;0;0
2003 37 5;782;025033830150;4;0;0;1;1;1;1;1;1;0;0;0;0;0;0;0;0;1;0;0;0;1;1
2003 37 5;783;025033830785;3;0;0;0;0;0;0;0;0;1;0;0;0;0;0;0;1;0;0;0;0;0;0
2003 37 5;784;025033740997;3;1;1;1;0;0;1;1;0;0;0;0;0;1;0;0;1;0;1;0;0;0;1
2003 37 5;785;025033830464;3;0;0;0;0;0;0;0;0;0;0;0;0;0;0;0;1;0;0;0;0;0;0
2003 37 5;786;025033810590;5;1;0;1;1;0;1;0;0;0;0;0;0;0;0;0;0;1;0;0;0;1;1
2003 37 5;787;025033830779;6;0;0;0;0;0;0;0;0;1;0;0;0;0;0;0;1;0;0;0;0;0;0
2003 37 5;788;025033740348;6;1;0;1;0;1;1;1;0;0;0;0;0;0;0;0;1;1;0;0;0;1;0
2003 37 5;789;025033821012;1;0;0;0;0;0;0;0;0;0;0;0;0;0;0;0;0;0;1;0;0;0;0
2003 37 5;790;025033740822;7;1;0;1;0;0;1;0;0;0;0;0;0;0;0;0;1;1;0;0;0;1;0
2003 37 5;791;025033731131;7;1;0;1;1;1;1;1;0;0;0;0;0;0;0;0;1;1;0;0;0;1;0
2003 37 5;792;025033820080;1;0;0;0;0;0;0;0;0;0;0;0;0;0;0;0;0;0;1;0;0;0;0
2003 37 5;793;025033830440;3;0;0;0;0;0;0;0;0;0;0;0;0;0;0;0;1;0;0;0;0;0;0
2003 37 5;794;025033750138;4;1;0;1;0;1;1;1;0;0;0;0;0;0;0;0;0;1;0;0;0;1;0
2003 37 5;795;025033830760;3;0;0;0;0;0;0;0;0;1;0;0;0;0;0;0;1;0;0;0;0;0;0
2003 37 5;796;025033810490;3;1;1;1;1;0;1;1;0;0;0;0;0;0;0;0;1;1;1;0;0;1;1
2003 37 5;797;025033820305;2;0;0;1;0;0;0;1;0;0;0;1;0;0;0;0;0;0;0;1;0;0;0
2003 37 5;798;025033810684;3;0;0;0;0;0;0;0;0;0;0;0;0;1;0;0;1;0;0;0;0;0;1
2003 37 5;799;025033520098;3;1;0;1;0;0;0;0;0;0;0;0;0;0;0;0;1;1;1;0;0;1;0
2003 37 5;800;025033920465;8;1;0;1;1;1;1;1;1;0;0;0;1;0;1;0;0;1;0;0;0;1;1
2003 37 5;801;025033830749;3;0;0;0;0;0;0;0;0;1;0;0;0;0;0;0;1;0;0;0;0;0;0
2003 37 5;802;025033520104;3;1;0;1;0;0;0;0;0;0;0;0;0;0;0;0;1;1;1;0;0;1;0
2003 37 5;803;025033830117;1;0;0;1;0;0;1;1;0;0;0;0;0;0;0;0;0;1;0;0;1;1;0
2003 37 5;804;025033750266;3;1;0;0;0;0;0;0;0;0;0;0;0;0;0;0;1;0;0;0;0;0;0
2003 37 5;805;025033750302;3;1;0;1;1;0;1;1;0;0;0;0;0;0;0;0;1;1;0;0;0;1;1
2003 37 5;806;025033830688;3;0;0;0;0;0;0;0;0;1;0;0;0;0;0;0;1;0;0;0;0;0;0
2003 37 5;807;025033750158;1;1;0;1;0;1;1;1;0;0;0;0;0;0;0;0;0;1;0;0;0;1;0
2003 37 5;808;025033740864;3;1;0;0;0;0;1;0;0;0;0;0;0;0;0;0;1;1;1;0;0;1;0
2003 37 5;809;025033830535;3;0;0;0;0;0;0;0;0;0;0;0;0;0;0;0;1;0;0;0;0;0;0
2003 37 5;810;025033810269;9;1;0;1;1;0;1;0;0;0;0;0;0;0;0;0;0;1;0;0;0;1;0
2003 37 5;811;025033730997;3;1;1;1;0;0;1;1;0;0;0;0;0;0;0;0;1;1;1;0;0;1;1
2003 37 5;812;025033830692;3;0;0;0;0;0;0;0;0;1;0;0;0;0;0;0;1;0;0;0;0;0;0
2003 37 5;813;025033820294;2;0;0;1;0;0;0;1;0;0;0;1;0;0;0;0;0;0;0;1;0;0;0
2003 37 5;814;025033520102;3;1;0;1;0;0;0;0;0;0;0;0;0;0;0;0;1;1;1;0;0;1;0
2003 37 5;815;025033820532;3;0;0;0;0;0;0;0;0;0;0;0;0;0;0;0;1;0;0;0;0;0;1
2003 37 5;816;025033810284;9;1;0;1;1;0;1;0;0;0;0;0;0;0;0;0;0;1;0;0;0;1;0
2003 37 5;817;025033810583;1;1;0;1;0;0;1;0;0;0;0;0;0;0;0;0;0;1;0;0;0;1;1
2003 37 5;818;025033820632;3;0;0;0;0;0;0;1;0;1;0;0;0;1;0;0;1;0;0;0;0;0;0
2003 37 5;819;025033520097;3;1;0;1;0;0;0;0;0;0;0;0;0;0;0;0;1;1;1;0;0;1;0
2003 37 5;820;025033810244;1;1;0;1;1;0;1;0;0;0;0;0;0;0;0;0;0;1;0;0;0;1;1
2003 37 5;821;025033830309;3;0;0;0;0;0;0;0;0;0;0;0;1;0;0;0;1;0;0;0;0;0;0
2003 37 5;822;025033910059;10;0;0;0;0;0;1;1;0;1;1;0;0;1;0;0;0;0;0;0;0;0;1
2003 37 5;823;025033720203;3;1;0;1;0;0;0;0;0;0;0;0;0;0;0;0;1;1;1;0;0;1;0
2003 37 5;824;025033830424;3;0;0;0;0;0;0;0;0;0;0;0;0;0;0;0;1;0;0;0;0;0;0
2003 37 5;825;025033810374;5;1;0;1;1;1;1;1;0;0;0;0;0;0;0;0;0;1;0;0;0;1;0
2003 37 5;826;025033750759;5;1;0;0;0;0;0;0;0;0;0;0;0;0;0;0;0;0;0;0;0;0;1
2003 37 5;827;025033810027;7;0;0;1;0;0;1;1;0;0;0;0;0;0;0;0;1;1;1;0;0;1;0
2003 37 5;828;025033830689;3;0;0;0;0;0;0;0;0;1;0;0;0;0;0;0;1;0;0;0;0;0;0
2003 37 5;829;025033810256;9;1;0;1;1;0;1;0;0;0;0;0;0;0;0;0;0;1;0;0;0;1;1
2003 37 5;830;025033820297;2;0;0;1;0;0;0;1;0;0;0;1;0;0;0;0;0;0;0;1;0;0;0
2003 37 5;831;025033830337;3;0;0;0;0;0;0;0;0;0;0;0;0;0;0;0;1;0;0;0;0;0;0
2003 37 5;832;025033740853;3;1;0;1;0;0;1;0;0;0;0;0;0;1;0;0;1;1;1;0;0;1;0
2003 37 5;833;025033810107;4;1;0;1;1;0;1;1;0;0;0;0;0;0;0;0;0;1;0;0;0;1;1
2003 37 5;834;025033750073;4;0;0;0;0;0;0;0;0;1;0;0;0;0;0;0;0;0;0;0;0;0;0
2003 37 5;835;025033740347;11;1;0;1;0;1;1;1;0;0;0;0;0;0;0;0;1;1;0;0;0;1;0
2003 37 5;836;025033750076;3;1;0;0;0;0;0;0;0;0;0;0;0;0;0;0;1;0;0;0;0;0;0
2003 37 5;837;025033820037;4;0;0;1;1;0;1;1;1;0;0;0;1;0;0;0;0;1;0;0;0;1;1
2003 37 5;838;025033720270;3;1;0;1;0;0;0;0;0;0;0;0;0;0;0;0;1;1;1;0;0;1;0
2003 37 5;839;025033830339;3;0;0;0;0;0;0;0;0;0;0;0;0;0;0;0;1;0;0;0;0;0;0
2003 37 5;840;025033810561;4;1;0;1;0;0;1;0;0;0;0;0;0;0;0;0;0;1;0;0;0;1;1
2003 37 5;841;025033740311;6;1;0;1;1;1;1;1;0;0;0;0;0;0;0;0;1;1;0;0;0;1;0
2003 37 5;842;025033830476;6;0;0;0;0;0;0;0;0;1;0;0;0;0;0;0;1;0;0;0;0;0;1
2003 37 5;843;025033830112;4;0;0;1;0;0;1;1;0;0;0;0;0;0;0;0;0;1;0;0;0;1;0
2003 37 5;844;025033750288;3;1;0;0;0;0;0;0;0;0;0;0;0;0;0;0;1;0;0;0;0;0;0
2003 37 5;845;025033810248;12;1;0;1;1;0;1;0;0;0;0;0;0;0;0;0;0;1;0;0;0;1;1
2003 37 5;846;025033810136;7;0;0;0;0;0;1;1;0;1;0;0;0;1;0;0;1;0;0;0;0;0;0
2003 37 5;847;025034030140;1;0;0;1;0;0;0;0;0;0;0;0;0;0;0;0;0;1;1;0;0;1;0
2003 37 5;848;025033750431;7;1;0;1;0;0;1;1;0;0;0;0;0;0;0;0;1;1;0;0;0;1;0
2003 37 5;849;025033830543;7;0;0;0;0;0;0;0;0;0;0;0;0;0;0;0;1;0;0;0;0;0;0
2003 37 5;850;025033750765;13;1;1;1;1;0;1;1;0;0;0;0;0;0;0;0;0;1;1;1;0;1;1
2003 37 5;851;025033810274;3;0;0;1;0;0;1;0;0;0;0;0;0;0;0;0;1;1;0;0;0;1;0
2003 37 5;852;025033830696;3;0;0;0;0;0;0;0;0;1;0;0;0;0;0;0;1;0;0;0;0;0;0
2003 37 5;853;025033630640;1;1;0;1;0;0;1;1;0;0;0;0;0;0;0;0;0;1;1;0;0;1;0
2003 37 5;854;025033830684;6;0;0;0;0;0;0;0;0;0;0;0;0;0;0;0;1;0;0;0;0;0;0
2003 37 5;855;025033830625;6;1;0;1;1;1;1;1;1;0;0;0;1;0;1;0;1;1;0;0;0;1;1
2003 37 5;856;025033820906;1;1;0;0;0;0;0;0;0;1;0;0;0;0;0;0;0;0;0;0;0;0;0
2003 37 5;857;025033830687;3;0;0;0;0;0;0;0;0;0;0;0;0;1;0;0;1;0;0;0;0;0;0
2003 37 5;858;025033730155;3;1;0;1;0;0;0;0;0;0;0;0;0;0;0;0;1;1;1;0;0;1;0
2003 37 5;859;025033810253;1;1;0;1;1;0;1;0;0;0;0;0;0;0;0;0;0;1;0;0;0;1;1
2003 37 5;860;025033830650;3;0;0;0;0;0;0;0;0;1;0;0;0;0;0;0;1;0;0;0;0;0;0
2003 37 5;861;025033740376;3;1;1;0;0;0;0;1;0;0;0;0;0;0;0;0;1;0;1;0;0;0;1
2003 37 5;862;025033810896;5;0;0;0;0;0;1;0;0;0;0;0;0;0;0;0;0;1;0;0;0;1;0
2003 37 5;863;025033750415;6;1;0;1;0;1;1;1;0;0;0;0;0;0;0;0;1;1;0;0;0;1;0
2003 37 5;864;025033820682;6;0;0;0;0;0;0;0;0;0;0;0;0;0;0;0;1;0;0;0;0;0;1
2003 37 5;865;025033910647;6;1;0;1;1;0;1;1;0;0;0;0;0;0;0;0;1;1;0;0;0;1;0
2003 37 5;866;025033810289;1;1;0;1;0;0;1;0;0;0;0;0;0;0;0;0;0;1;0;0;0;1;0
2003 37 5;867;025033930267;14;0;0;0;0;0;0;0;0;1;0;0;0;0;0;0;1;0;0;0;0;0;0
2003 37 5;868;025033810247;12;1;0;0;0;0;1;0;0;0;0;0;0;0;0;0;0;1;0;0;0;1;0
2003 37 5;869;025033740284;11;1;1;1;1;0;1;1;0;0;0;0;0;0;0;0;1;1;1;0;0;1;1
2003 37 5;870;025033830390;3;0;0;0;0;0;0;0;0;0;0;0;0;0;0;0;1;0;0;0;0;0;0
2003 37 5;871;025033820283;2;0;0;1;0;0;0;1;0;0;0;1;0;0;0;0;0;0;0;1;0;0;0
2003 37 5;872;025033740279;3;1;0;0;0;0;0;0;0;0;0;0;0;0;0;0;1;0;1;0;0;0;0
2003 37 5;873;025033750330;6;1;0;1;1;1;1;1;0;0;0;0;0;0;0;0;1;1;0;0;0;1;1
2003 37 5;874;025033820195;12;0;0;0;0;0;0;0;0;0;0;0;0;1;0;0;0;0;0;0;0;0;0
2003 37 5;875;025034210190;3;1;0;1;0;0;1;1;0;0;0;0;0;0;0;0;1;1;1;0;0;1;0
2003 37 5;876;025033830695;3;0;0;0;0;0;0;0;0;1;0;0;0;0;0;0;1;0;0;0;0;0;0
2003 37 5;877;025033820231;1;0;0;1;1;0;1;1;1;0;0;0;1;0;0;0;0;1;0;0;1;1;1
2003 37 5;878;025033730186;3;1;0;1;0;0;0;0;0;0;0;0;0;0;0;0;1;1;1;0;0;1;0
2003 37 5;879;025033830358;3;0;0;0;0;0;0;0;0;0;0;0;0;0;0;0;1;0;0;0;0;0;0
2003 37 5;880;025033750020;3;1;0;0;0;0;1;0;0;0;0;0;0;0;0;0;1;0;0;0;0;0;0
2003 37 5;881;025033750193;8;1;0;1;1;1;1;1;0;0;0;0;0;0;0;0;0;1;0;0;0;1;0
2003 37 5;882;025033830651;3;0;0;0;0;0;0;0;0;1;0;0;0;0;0;0;1;0;0;0;0;0;0
2003 37 5;883;025033730154;3;1;0;1;0;0;0;0;0;0;0;0;0;0;0;0;1;1;1;0;0;1;0
2003 37 5;884;025033810690;5;0;0;0;0;0;1;0;0;0;0;0;0;0;0;0;0;1;0;0;0;1;0
2003 37 5;885;025033750443;7;1;0;1;0;0;1;1;0;0;0;0;0;1;0;0;1;0;0;0;0;0;1
2003 37 5;886;025033730188;3;1;0;1;0;0;0;0;0;0;0;0;0;0;0;0;1;1;1;0;0;1;0
2003 37 5;887;025033820259;12;0;0;0;0;0;0;0;0;1;0;0;0;0;0;0;0;0;0;0;0;0;0
2003 37 5;888;025033750165;6;1;0;1;1;1;1;1;0;0;0;0;0;0;0;0;1;1;0;0;0;1;0
2003 37 5;889;025033740863;3;1;0;0;0;0;1;0;0;0;0;0;0;0;0;0;1;1;1;0;0;1;0
2003 37 5;890;025033820298;2;0;0;1;0;0;0;1;0;0;0;1;0;0;0;0;0;0;0;1;0;0;0
2003 37 5;891;025033750468;3;1;0;0;0;0;1;0;0;1;0;0;0;0;0;0;1;0;0;0;0;0;0
2003 37 5;892;025033810549;8;1;1;1;1;0;1;1;0;0;0;0;0;0;0;0;0;1;1;0;0;1;1
2003 37 5;893;025033830545;7;0;0;0;0;0;0;0;0;0;0;0;0;0;0;0;1;0;0;0;0;0;0
2003 37 5;894;025033730246;7;1;0;1;0;0;1;1;0;0;0;0;0;0;0;1;1;1;0;0;0;1;0
2003 37 5;895;025033820921;1;1;0;0;0;0;0;0;0;1;0;0;0;0;0;0;0;0;0;0;0;0;1
2003 37 5;896;025033820468;3;0;0;0;0;0;1;1;0;0;0;0;0;0;0;0;1;0;0;0;0;0;0
2003 37 5;897;025033950041;3;1;0;1;0;0;0;0;0;0;0;0;0;0;0;0;1;1;1;0;0;1;0
2003 37 5;898;025033810306;4;1;0;1;1;0;1;1;0;0;0;0;0;0;0;0;0;1;0;0;1;1;1
2003 37 5;899;025033830551;3;0;0;0;0;0;0;0;0;1;0;0;0;0;0;0;1;0;0;0;0;0;0
2003 37 5;900;025033750414;3;1;1;0;0;0;0;1;0;0;0;0;0;0;0;0;1;0;1;0;0;0;1
2003 37 5;901;025033810457;1;0;0;1;0;0;1;0;0;0;0;0;0;0;0;0;0;1;0;0;0;1;0
2003 37 5;902;025033810725;1;1;0;1;0;0;0;0;0;0;0;0;1;0;0;0;0;0;0;0;0;0;0
2003 37 5;903;025033820523;3;0;0;0;0;0;0;0;0;0;0;0;0;0;0;0;1;0;0;0;0;0;1
2003 37 5;904;025033740954;3;1;0;1;0;0;1;0;0;0;0;0;0;0;0;0;1;1;0;0;0;1;0
2003 37 5;905;025033750655;4;1;0;1;1;1;1;1;0;0;0;0;0;0;0;0;0;1;0;0;0;1;0
2003 37 5;906;025033830550;3;0;0;0;0;0;0;0;0;1;0;0;0;0;0;0;1;0;0;0;0;0;0
2003 37 5;907;025034150098;3;1;0;0;0;0;0;0;0;0;0;0;0;0;0;0;1;0;1;0;0;0;0
2003 37 5;908;025033820284;2;0;0;1;0;0;0;1;0;0;0;1;0;0;0;0;0;0;0;1;0;0;0
2003 37 5;909;025033820872;1;1;0;1;1;0;1;0;0;0;0;0;0;0;0;0;0;1;0;0;0;1;1
2003 37 5;910;025033830386;3;0;0;0;0;0;0;0;0;0;0;0;0;0;0;0;1;0;0;0;0;0;0
2003 37 5;911;025033950205;3;1;0;1;0;0;0;0;0;0;0;0;0;0;0;0;1;1;1;0;0;1;0
2003 37 5;912;025033750203;8;1;0;1;0;1;1;1;0;0;0;0;0;0;0;0;0;1;0;0;0;1;0
2003 37 5;913;025033830552;3;0;0;0;0;0;0;0;0;1;0;0;0;0;0;0;1;0;0;0;0;0;0
2003 37 5;914;025033750495;7;1;0;1;1;0;1;1;0;0;0;0;0;0;0;0;1;1;0;0;0;1;0
2003 37 5;915;025033810562;1;1;0;1;0;0;1;0;0;0;0;0;0;1;0;0;0;1;0;0;0;1;0
2003 37 5;916;025033830758;14;0;0;0;0;0;0;0;0;0;0;0;0;0;0;0;1;0;0;0;0;0;0
2003 37 5;917;025033820879;14;0;0;0;0;0;0;1;0;1;0;0;0;0;0;1;1;0;0;0;0;0;1
2003 37 5;918;025033810216;1;1;0;1;0;0;1;0;0;0;0;0;0;1;0;0;0;1;0;0;0;1;0
2003 37 5;919;025033821023;1;1;0;1;1;1;1;1;1;0;0;0;1;0;1;0;0;1;0;0;1;1;1
2003 37 5;920;025033830004;3;0;0;0;0;0;0;0;0;0;0;0;0;0;0;0;1;0;0;0;0;0;0
2003 37 5;921;025033810550;3;1;1;0;0;0;1;1;0;0;0;0;0;1;0;0;1;0;1;0;0;0;1
2003 37 5;922;025033830592;3;0;0;0;0;0;0;0;0;1;0;0;0;0;0;0;1;0;0;0;0;0;0
2003 37 5;923;025033810070;8;1;0;1;1;0;1;1;0;0;0;0;0;0;0;0;0;1;0;0;0;1;1
2003 37 5;924;025033810881;3;0;0;0;0;0;0;0;0;0;0;0;0;0;0;0;1;1;0;0;0;1;0
2003 37 5;925;025033820303;2;0;0;1;0;0;0;1;0;0;0;1;0;0;0;0;0;0;0;1;0;0;0
2003 37 5;926;025034010140;3;1;0;1;0;0;0;0;0;0;0;0;0;0;0;0;1;1;1;0;0;1;0
2003 37 5;927;025033830433;3;0;0;0;0;0;0;0;0;1;0;0;0;0;0;0;1;0;0;0;0;0;0
2003 37 5;928;025033750767;9;0;0;1;0;0;1;1;0;0;0;0;0;0;0;0;0;1;0;0;0;1;0
2003 37 5;929;025033750564;3;1;0;1;1;0;1;0;0;0;0;0;0;0;0;0;1;1;0;0;0;1;0
2003 37 5;930;025033830300;3;0;0;0;0;0;0;0;0;0;0;0;0;0;0;0;1;0;0;0;0;0;0
2003 37 5;931;025033630169;1;1;0;1;0;0;1;1;0;0;0;0;0;0;0;0;0;1;1;0;0;1;0
2003 37 5;932;025033830496;3;0;0;0;0;0;0;0;0;1;0;0;0;0;0;0;1;0;0;0;0;0;0
2003 37 5;933;025033750115;11;1;0;1;1;1;1;1;0;0;0;0;0;0;0;0;1;1;0;0;0;1;0
2003 37 5;934;025033950482;8;0;0;1;0;0;1;0;0;0;0;0;1;0;0;0;0;1;0;0;0;1;0
2003 37 5;935;025033830020;14;0;0;0;0;0;0;0;0;0;0;0;0;0;0;0;1;0;0;0;0;0;0
2003 37 5;936;025033740977;14;1;0;1;0;1;1;1;0;0;0;0;0;1;0;0;1;0;0;0;0;0;0
2003 37 5;937;025033820726;1;1;0;1;1;0;1;0;0;0;0;0;0;0;0;0;0;1;0;0;0;1;1
2003 37 5;938;025033830428;3;0;0;0;0;0;0;0;0;1;0;0;0;0;0;0;1;0;0;0;0;0;0
2003 37 5;939;025033810311;8;1;0;1;0;1;1;1;0;0;0;0;0;0;0;0;0;1;0;0;1;1;0
2003 37 5;940;025033820481;3;0;0;0;0;0;1;0;0;0;0;0;0;0;0;0;1;1;0;0;0;1;0
2003 37 5;941;025033750352;3;1;0;0;0;0;0;0;0;0;0;0;0;1;0;0;1;0;0;0;0;0;0
2003 37 5;942;025033810076;1;1;0;1;1;0;1;1;0;0;0;0;0;0;0;0;0;1;0;0;0;1;1
2003 37 5;943;025033830431;3;0;0;0;0;0;0;0;0;1;0;0;0;0;0;0;1;0;0;0;0;0;0
2003 37 5;944;025033740932;3;1;1;0;0;0;0;1;0;0;0;0;0;1;0;0;1;0;1;0;0;0;1
2003 37 5;945;025033750200;3;1;0;1;0;0;0;0;0;0;0;0;1;0;0;0;1;0;0;0;0;0;0
2003 37 5;946;025033820322;2;0;0;1;0;0;0;1;0;0;0;1;0;0;0;0;0;0;0;1;0;0;0
2003 37 5;947;025033830429;3;0;0;0;0;0;0;0;0;1;0;0;0;0;0;0;1;0;0;0;0;0;0
2003 37 5;948;025034010144;3;1;0;1;0;0;0;0;0;0;0;0;0;0;0;0;1;1;1;0;0;1;0
2003 37 5;949;025033750582;4;1;0;1;1;1;1;1;0;0;0;0;0;0;0;0;0;1;0;0;0;1;0
2003 37 5;950;025033830547;3;0;0;0;0;0;0;0;0;0;0;0;0;1;0;0;1;0;0;0;0;0;0
2003 37 5;951;025033730182;3;1;0;0;0;0;0;0;0;0;0;0;0;0;0;0;1;0;1;0;0;0;0
2003 37 5;952;025033820622;1;1;0;0;0;0;0;1;0;1;0;0;0;0;0;1;0;0;0;0;0;0;1
2003 37 5;953;025033830003;3;0;0;0;0;0;0;0;0;0;0;0;0;0;0;0;1;0;0;0;0;0;0
2003 37 5;954;025033750492;7;1;0;1;1;0;1;1;0;0;0;0;0;0;0;0;1;1;0;0;0;1;0
2003 37 5;955;025033810485;1;1;0;1;0;0;1;0;0;0;0;0;0;0;0;0;0;1;0;0;0;1;1
2003 37 5;956;025033830251;3;0;0;0;0;0;0;0;0;1;0;0;0;1;0;0;1;0;0;0;0;0;0
2003 37 5;957;025034010139;3;1;0;1;0;0;0;0;0;0;0;0;0;0;0;0;1;1;1;0;0;1;0
2003 37 5;958;025033810277;5;1;0;1;1;0;1;0;0;0;0;0;0;0;0;0;0;1;0;0;0;1;0
2003 37 5;959;025033830305;3;0;0;0;0;0;0;0;0;0;0;0;0;0;0;0;1;0;0;0;0;0;0
2003 37 5;960;025033830432;3;0;0;0;0;0;0;0;0;1;0;0;0;0;0;0;1;0;0;0;0;0;0
2003 37 5;961;025033750777;5;0;0;1;0;0;1;1;1;0;0;0;1;0;0;0;0;1;0;0;0;1;1
2003 37 5;962;025034010142;3;1;0;1;0;0;0;0;0;0;0;0;0;0;0;0;1;1;1;0;0;1;0
2003 37 5;963;025033830528;3;0;0;0;0;0;0;0;0;0;0;0;0;1;0;0;1;0;0;0;0;0;0
2003 37 5;964;025033820761;4;1;0;0;0;0;0;1;0;1;0;0;0;0;0;0;0;0;0;0;0;0;0
2003 37 5;965;025033741124;7;1;0;1;1;0;1;0;0;0;0;0;0;0;0;0;1;1;0;0;0;1;0
2003 37 5;966;025033830088;1;0;0;1;0;0;1;1;0;0;0;0;0;0;0;0;0;1;0;0;0;1;0
2003 37 5;967;025033750351;3;1;0;0;0;0;0;0;0;0;0;0;0;1;0;0;1;0;0;0;0;0;0
2003 37 5;968;025033821048;3;0;0;0;0;0;1;0;0;0;0;0;0;0;0;0;1;1;0;0;0;1;1
2003 37 5;969;025033750185;9;1;0;1;1;1;1;1;0;0;0;0;0;0;0;0;0;1;0;0;0;1;0
2003 37 5;970;025033830591;3;0;0;0;0;0;0;0;0;1;0;0;0;0;0;0;1;0;0;0;0;0;1
2003 37 5;971;025034130247;3;1;0;1;0;0;0;0;0;0;0;0;0;0;0;0;1;1;1;0;0;1;0
2003 37 5;972;025033820330;2;0;0;1;0;0;0;1;0;0;0;1;0;0;0;0;0;0;0;1;0;0;0
2003 37 5;973;025033820373;11;0;0;0;0;0;0;0;0;0;0;0;0;0;0;0;1;0;0;0;0;1;0
2003 37 5;974;025033740940;11;1;1;1;1;0;1;1;0;0;0;0;0;0;0;0;1;1;1;0;0;1;1
2003 37 5;975;025033750004;15;0;0;1;0;0;0;0;0;0;0;0;1;0;0;0;0;0;0;0;0;0;0
2003 37 5;976;025033750197;6;1;0;0;0;1;1;1;0;0;0;0;0;0;0;0;1;0;0;0;0;1;0
2003 37 5;977;025033810276;1;1;0;1;0;0;1;0;0;0;0;0;0;0;0;0;0;1;0;0;0;1;1
2003 37 5;978;025033830434;3;0;0;0;0;0;0;0;0;1;0;0;0;0;0;0;1;0;0;0;0;0;0
2003 37 5;979;025033730218;11;1;0;1;1;0;1;1;0;0;0;0;0;0;0;0;1;1;0;0;0;1;0
2003 37 5;980;025033810110;1;1;0;1;0;0;1;0;0;0;0;0;0;0;0;0;0;1;0;0;0;1;1
2003 37 5;981;025033830494;6;0;0;0;0;0;0;0;0;0;0;0;0;0;0;0;1;0;0;0;0;0;0
2003 37 5;982;025033810154;6;0;0;1;0;1;1;1;0;0;0;0;0;0;0;0;1;1;0;0;1;1;0
2003 37 5;983;025033810532;9;1;0;1;0;0;1;0;0;0;0;0;0;1;0;0;0;1;0;0;0;1;1
2003 37 5;984;025033830399;3;0;0;0;0;0;0;0;0;1;0;0;0;0;0;0;1;0;0;0;0;0;0
2003 37 5;985;025033810582;9;1;1;1;1;1;1;1;0;0;0;0;0;0;0;1;0;1;1;0;0;1;1
2003 37 5;986;025033830001;3;0;0;0;0;0;0;0;0;0;0;0;0;0;0;0;1;0;0;0;0;0;0
2003 37 5;987;025033750530;3;1;0;1;0;0;1;1;0;0;0;0;0;0;0;0;1;1;0;0;0;1;0
2003 37 5;988;025033820688;1;1;0;0;0;0;0;0;0;1;0;0;0;0;0;0;0;0;0;0;0;0;1
2003 37 5;989;025034110254;1;0;0;1;0;0;0;0;0;0;0;0;0;0;0;0;0;1;1;0;0;1;0
2003 37 5;990;025033830610;6;1;0;1;1;1;1;1;1;0;0;0;1;0;1;0;1;1;0;0;0;1;1
2003 37 5;991;025033750580;6;1;0;0;0;0;0;0;0;0;0;0;0;1;0;0;1;0;0;0;0;0;0
2003 37 5;992;025033910103;10;0;0;1;0;0;1;1;0;0;1;0;0;0;0;0;0;1;0;0;0;1;0
2003 37 5;993;025034210090;3;1;0;1;0;0;0;0;0;0;0;0;0;0;0;0;1;1;1;0;0;1;0
2003 37 5;994;025033830323;3;0;0;0;0;0;0;0;0;1;0;0;0;0;0;0;1;0;0;0;0;0;0
2003 37 5;995;025033810841;5;1;0;1;1;0;1;1;0;0;0;0;0;0;0;0;0;1;0;0;0;1;1
2003 37 5;996;025033740866;3;1;0;0;0;0;1;0;0;0;0;0;0;0;0;0;1;1;1;0;0;1;0
2003 37 5;997;025033820288;2;0;0;1;0;0;0;1;0;0;0;1;0;0;0;0;0;0;0;1;0;0;0
2003 37 5;998;025033830338;3;0;0;0;0;0;0;0;0;1;0;0;0;0;0;0;1;0;0;0;0;0;0
2003 37 5;999;025033750569;11;1;1;1;1;1;1;1;0;0;0;0;0;0;0;0;1;1;1;0;0;1;1
2003 37 5;1000;025033810033;9;1;0;1;0;0;1;0;0;0;0;0;0;0;0;0;0;1;0;0;0;1;0
2003 37 5;1001;025033820168;14;0;0;0;0;0;0;0;0;0;0;0;1;0;0;0;1;0;0;0;0;0;1
2003 37 5;1002;025033810313;3;1;0;0;0;0;1;0;0;0;0;0;0;0;0;0;1;1;0;0;0;1;0
2003 37 5;1003;025033810476;8;1;0;1;1;1;1;1;0;0;0;0;0;0;0;0;0;1;0;0;0;1;0
2003 37 5;1004;025033810927;3;0;0;0;0;0;0;0;0;1;0;0;0;0;0;0;1;0;0;0;0;0;0
2003 38 1;1;025033810948;3;0;0;0;0;0;0;0;0;0;0;0;0;0;0;0;1;0;0;0;0;0;0
2003 38 1;2;025033810932;3;0;0;0;0;0;0;0;0;1;0;0;0;1;0;0;1;0;0;0;0;0;0
2003 38 1;3;025033930107;1;1;0;1;0;0;0;0;0;0;0;0;0;0;0;0;0;1;1;0;0;1;0
2003 38 1;4;025033810469;1;1;0;1;1;1;1;1;0;0;0;0;0;0;0;0;0;1;0;0;0;1;0
2003 38 1;5;025033820154;1;0;0;0;0;0;0;0;0;0;0;0;0;0;0;0;0;0;1;0;0;0;0
2003 38 1;6;025033810925;1;1;0;1;0;0;1;0;0;0;0;0;0;0;0;0;0;1;0;0;0;1;0
2003 38 1;7;025034020421;1;1;0;1;0;0;0;0;0;0;0;0;0;0;0;0;0;1;1;0;0;1;0
2003 38 1;8;025033830090;16;0;0;0;0;0;0;0;0;0;0;0;0;0;0;0;0;0;0;1;0;0;0
2003 38 1;9;025033830618;9;1;0;1;1;1;1;1;1;0;0;0;1;0;1;0;0;1;0;0;0;1;1
2003 38 1;10;025034020159;9;1;0;1;0;0;0;0;0;0;0;0;0;0;0;0;0;1;1;0;0;1;0
2003 38 1;11;025033550368;14;0;0;0;0;0;1;1;0;0;0;0;0;0;0;0;1;0;0;0;0;0;0
2003 38 1;12;025033810668;14;1;0;0;0;0;0;0;0;0;0;0;0;1;0;0;1;0;0;0;0;0;1
2003 38 1;13;025033810483;8;1;0;1;1;0;1;1;0;0;0;0;0;0;0;0;0;1;0;0;0;1;0
2003 38 1;14;025033810904;8;0;0;1;0;1;1;1;0;0;0;0;0;0;0;0;0;1;0;0;1;1;0
2003 38 1;15;025033810101;17;0;1;0;0;0;0;1;0;0;0;0;0;0;0;0;0;0;1;0;0;0;1
2003 38 1;16;025033540187;17;0;0;0;0;0;0;1;0;0;0;0;0;1;0;0;0;0;1;0;0;0;0
2003 38 1;17;025033810016;15;0;0;1;0;0;0;0;0;0;0;0;1;0;0;0;0;0;0;0;0;0;0
2003 38 1;18;025033810025;15;0;0;1;0;0;0;0;0;0;0;0;1;0;0;0;0;0;0;0;0;0;0
2003 38 1;19;025033820108;6;0;0;0;0;0;1;1;0;0;0;0;0;0;0;0;1;0;0;0;0;0;0
2003 38 1;20;025033810331;6;1;0;1;0;0;1;0;0;0;0;0;0;0;0;0;1;1;0;0;0;1;1
2003 38 1;21;025033830163;2;0;0;1;0;0;0;1;0;0;0;1;0;0;0;0;0;0;0;1;0;0;0
2003 38 1;22;025033810318;3;1;0;0;0;0;1;0;0;0;0;0;0;0;0;0;1;1;0;0;0;1;0
2003 38 1;23;025033740606;3;1;1;1;1;0;1;1;0;0;0;0;0;0;0;0;1;1;1;0;0;1;1
2003 38 1;24;025033810958;3;0;0;0;0;0;0;0;0;1;0;0;0;0;0;0;1;0;0;0;0;0;0
2003 38 1;25;025033810297;3;1;0;0;0;0;0;0;0;0;0;0;0;1;0;0;1;0;0;0;0;0;0
2003 38 1;26;025033810122;3;1;0;1;0;0;1;0;0;0;0;0;0;0;0;0;1;1;0;0;0;1;0
2003 38 1;27;025033810890;3;0;0;0;0;0;0;0;0;0;0;0;0;0;0;0;1;0;1;0;0;0;0
2003 38 1;28;025033810526;3;1;0;0;0;0;0;0;0;0;0;0;0;0;0;0;1;0;0;0;0;0;0
2003 38 1;29;025033810954;3;0;0;0;0;0;0;0;0;0;0;0;0;1;0;0;1;0;0;0;0;0;0
2003 38 1;30;025033821088;3;1;0;0;0;0;0;0;0;1;0;0;0;0;0;0;1;0;0;0;0;0;0
2003 38 1;31;025033810041;18;0;0;1;0;0;0;1;1;0;0;0;1;0;0;0;0;0;1;0;0;0;1
2003 38 1;32;025033810803;1;1;0;1;1;0;1;0;0;0;0;0;0;0;0;0;0;1;0;0;0;1;0
2003 38 1;33;025033810883;3;0;0;0;0;0;0;0;0;0;0;0;0;1;0;0;1;0;0;0;0;0;0
2003 38 1;34;025033620488;3;1;0;1;0;0;0;0;0;0;0;0;0;0;0;0;1;1;1;0;0;1;0
2003 38 1;35;025033810131;3;1;0;0;0;0;0;0;0;0;0;0;0;0;0;0;1;0;0;0;0;0;0
2003 38 1;36;025033810198;3;0;0;0;0;0;1;0;0;0;0;0;0;0;0;0;1;1;0;0;0;1;0
2003 38 1;37;025033830188;2;0;0;1;0;0;0;1;0;0;0;1;0;0;0;0;0;0;0;1;0;0;0
2003 38 1;38;025033830179;2;0;0;1;0;0;0;1;0;0;0;1;0;0;0;0;0;0;0;1;0;0;0
2003 38 1;39;025033810120;3;1;0;0;0;0;0;0;0;0;0;0;0;1;0;0;1;0;0;0;0;0;0
2003 38 1;40;025033520101;3;1;0;1;0;0;0;0;0;0;0;0;0;0;0;0;1;1;1;0;0;1;0
2003 38 1;41;025033810938;3;0;0;0;0;0;0;0;0;0;0;0;0;0;0;0;1;0;0;0;0;0;0
2003 38 1;42;025033810614;3;1;0;0;0;0;0;0;0;0;0;0;0;1;0;0;1;0;0;0;0;0;0
2003 38 1;43;025033810951;3;0;0;0;0;0;0;0;0;0;0;0;0;0;0;0;1;0;0;0;0;0;0
2003 38 1;44;025033840365;12;1;0;1;1;1;1;1;1;0;0;0;1;0;1;0;0;1;0;0;0;1;1
2003 38 1;45;025033750113;12;1;0;1;0;0;1;0;0;0;0;0;0;0;0;0;0;1;0;0;0;1;0
2003 38 1;46;025033810936;3;0;0;0;0;0;0;0;0;1;0;0;0;0;0;0;1;0;0;0;0;0;0
2003 38 1;47;025033810965;3;0;0;0;0;0;0;0;0;0;0;0;0;0;0;0;1;0;0;0;0;0;0
2003 38 1;48;025033820519;3;1;1;1;1;0;1;1;0;0;0;0;0;0;0;0;1;1;1;0;0;1;1
2003 38 1;49;025033810510;3;1;0;0;0;0;0;0;0;0;0;0;0;0;0;0;1;0;0;0;0;0;0
2003 38 1;50;025033830175;2;0;0;1;0;0;0;1;0;0;0;1;0;0;0;0;0;0;0;1;0;0;0
2003 38 1;51;025033830192;2;0;0;1;0;0;0;1;0;0;0;1;0;0;0;0;0;0;0;1;0;0;0
2003 38 1;52;025033810960;3;0;0;0;0;0;0;0;0;1;0;0;0;0;0;0;1;0;0;0;0;0;0
2003 38 1;53;025033810975;3;0;0;0;0;0;0;0;0;0;0;0;0;0;0;0;1;0;0;0;0;0;0
2003 38 1;54;025033810327;3;1;0;0;0;0;1;0;0;0;0;0;0;0;0;0;1;1;0;0;0;1;0
2003 38 1;55;025033810050;18;0;0;1;0;0;0;1;1;0;0;0;1;0;0;0;0;0;1;0;0;0;1
2003 38 1;56;025033820869;11;0;0;1;0;0;1;1;0;0;0;0;0;0;0;0;1;1;0;0;0;1;0
2003 38 1;57;025033820991;11;1;1;0;0;0;0;1;0;0;0;0;0;1;0;0;1;0;1;0;0;0;1
2003 38 1;58;025033820842;11;0;0;1;0;1;1;1;0;0;0;0;0;1;0;0;1;1;0;0;0;1;0
2003 38 1;59;025033810650;1;1;0;0;0;0;0;0;0;1;0;0;0;0;0;0;0;0;0;0;0;0;0
2003 38 1;60;025033850317;1;0;0;1;0;0;1;0;0;0;0;0;0;0;0;0;0;1;0;0;1;1;0
2003 38 1;61;025033810470;1;1;0;1;1;1;1;1;0;0;0;0;0;0;0;0;0;1;0;0;0;1;0
2003 38 1;62;025033820911;1;1;0;0;0;0;0;0;0;0;0;0;0;0;0;0;0;0;1;0;0;0;0
2003 38 1;63;025033820999;1;0;0;1;0;0;1;1;0;0;0;0;0;0;0;0;0;1;0;0;0;1;1
2003 38 1;64;025033810615;3;1;0;0;0;0;0;0;0;0;0;0;0;1;0;0;1;0;0;0;0;0;0
2003 38 1;65;025033810068;3;0;0;0;0;0;1;1;0;1;0;0;0;0;0;0;1;0;1;0;0;0;0
2003 38 1;66;025033810286;3;1;0;1;1;0;1;0;0;0;0;0;0;0;0;0;1;1;0;0;0;1;1
2003 38 1;67;025033820916;3;0;0;1;0;0;0;0;0;0;0;0;1;0;0;0;1;0;0;0;0;0;0
2003 38 1;68;025033820887;3;1;1;0;0;0;1;1;0;0;0;0;0;0;0;1;1;0;1;0;0;0;1
2003 38 1;69;025033810513;3;1;0;0;0;0;0;0;0;0;0;0;0;0;0;0;1;0;0;0;0;0;0
2003 38 1;70;025033810568;3;0;0;0;0;0;0;0;0;0;0;0;0;1;0;0;1;0;0;0;0;0;0
2003 38 1;71;025034020403;1;1;0;1;0;0;0;0;0;0;0;0;0;0;0;0;0;1;1;0;0;1;0
2003 38 1;72;025033810104;1;1;0;1;0;0;1;1;0;0;0;0;0;0;0;0;0;1;0;0;0;1;0
2003 38 1;73;025033810908;19;0;0;0;0;0;0;0;0;1;0;0;0;0;0;0;0;0;0;0;0;0;0
2003 38 1;74;025033810359;11;1;0;1;1;0;1;1;0;0;0;0;0;0;0;0;1;1;0;0;0;1;1
2003 38 1;75;025034010575;11;1;0;1;0;0;1;0;0;0;0;0;0;0;0;0;1;1;0;0;0;1;0
2003 38 1;76;025033810443;17;0;0;0;0;0;0;1;0;0;0;0;0;0;0;0;0;0;1;0;0;0;0
2003 38 1;77;025033810123;9;1;0;1;0;0;1;0;0;0;0;0;0;0;0;0;0;1;0;0;0;1;0
2003 38 1;78;025033830619;9;1;0;1;1;1;1;1;1;0;0;0;1;0;1;0;0;1;0;0;0;1;1
2003 38 1;79;025033810980;3;0;0;0;0;0;0;0;0;1;0;0;0;0;0;0;1;0;0;0;0;0;0
2003 38 1;80;025033850195;3;0;0;1;0;0;0;0;0;0;0;0;0;0;0;0;1;1;1;0;0;1;0
2003 38 1;81;025033810075;3;0;0;0;0;0;1;1;0;0;0;0;0;1;0;0;1;0;0;0;0;0;1
2003 38 1;82;025033810516;3;1;0;0;0;0;0;0;0;0;0;0;0;0;0;0;1;0;0;0;0;0;0
2003 38 1;83;025033810300;11;1;0;1;0;0;1;1;0;0;0;0;0;0;0;0;1;1;0;0;0;1;1
2003 38 1;84;025033820848;11;0;0;1;0;1;1;1;0;0;0;0;0;1;0;0;1;1;0;0;0;1;0
2003 38 1;85;025033820048;20;0;0;0;0;0;0;0;0;1;0;0;0;0;0;0;0;0;0;1;0;0;1
2003 38 1;86;025033810459;1;1;0;1;1;0;1;0;0;0;0;0;0;0;0;0;0;1;0;0;0;1;0
2003 38 1;87;025033820138;1;0;0;0;0;0;0;0;0;0;0;0;0;0;0;0;0;0;1;0;0;0;0
2003 38 1;88;025033810557;1;1;0;1;0;0;1;0;0;0;0;0;0;0;0;0;0;1;0;0;0;1;0
2003 38 1;89;025033810153;1;1;0;1;0;1;1;1;0;0;0;0;0;0;0;1;0;1;0;0;0;1;1
2003 38 1;90;025033820137;1;0;0;0;0;0;0;0;0;0;0;0;0;0;0;0;0;0;1;0;0;0;0
2003 38 1;91;025034130199;1;1;0;1;0;0;0;0;0;0;0;0;0;0;0;0;0;1;1;0;0;1;0
2003 38 1;92;025033820709;1;1;0;1;1;0;1;1;1;0;0;0;0;0;0;0;0;1;0;0;0;1;1
2003 38 1;93;025033821190;1;0;0;0;0;0;1;0;0;1;0;0;0;0;0;0;0;0;0;0;0;0;0
2003 38 1;94;025034010241;1;1;0;1;0;0;0;0;0;0;0;0;0;0;0;0;0;1;1;0;0;1;0
2003 38 1;95;025034010243;1;1;0;1;0;0;0;0;0;0;0;0;0;0;0;0;0;1;1;0;0;1;0
2003 38 1;96;025033820175;6;0;0;0;0;0;0;0;0;0;0;0;1;0;0;0;1;0;0;0;0;0;0
2003 38 1;97;025033810265;6;1;0;1;1;0;1;0;0;0;0;0;0;0;0;0;1;1;0;0;0;1;1
2003 38 1;98;025033810031;6;0;0;0;0;0;1;0;0;0;0;0;0;0;0;0;1;0;0;0;0;1;0
2003 38 1;99;025033830168;2;0;0;1;0;0;0;1;0;0;0;1;0;0;0;0;0;0;0;1;0;0;0
2003 38 1;100;025033830180;2;0;0;1;0;0;0;1;0;0;0;1;0;0;0;0;0;0;0;1;0;0;0
2003 38 1;101;025033810979;3;0;0;0;0;0;0;0;0;1;0;0;0;0;0;0;1;0;0;0;0;0;0
2003 38 1;102;025033820891;3;0;0;1;0;0;0;0;0;0;0;0;0;0;0;0;1;0;0;0;0;0;0
2003 38 1;103;025033810239;3;1;0;1;0;0;1;0;0;0;0;0;0;1;0;0;1;1;0;0;0;1;1
2003 38 1;104;025034110003;3;1;0;0;0;0;1;0;0;0;0;0;0;0;0;0;1;0;0;0;0;1;0
2003 38 1;105;025033810977;3;0;0;0;0;0;0;0;0;0;0;0;0;0;0;0;1;0;0;0;0;0;0
2003 38 1;106;025033820864;3;0;0;0;0;0;0;0;0;0;0;0;0;0;0;0;1;0;1;0;0;0;0
2003 38 1;107;025033810340;3;1;0;0;0;0;1;0;0;0;0;0;0;0;0;0;1;1;0;0;0;1;0
2003 38 1;108;025033810281;3;1;0;0;0;0;1;0;0;0;0;0;0;0;0;0;1;1;0;0;0;1;0
2003 38 1;109;025033810036;18;0;0;1;0;0;0;1;1;0;0;0;1;0;0;0;0;0;1;0;0;0;1
2003 38 1;110;025033820139;21;1;0;1;1;0;1;0;0;0;0;0;0;0;0;0;0;1;0;0;0;1;0
2003 38 1;111;025033810613;3;1;0;0;0;0;0;0;0;0;0;0;0;1;0;0;1;0;0;0;0;0;0
2003 38 1;112;025033820798;3;0;0;1;0;0;1;1;0;0;0;0;0;0;0;0;1;1;0;0;0;1;0
2003 38 1;113;025033821064;3;1;0;0;0;0;0;0;0;1;0;0;0;0;0;0;1;0;0;0;0;0;0
2003 38 1;114;025033820851;11;0;0;1;0;1;1;1;0;0;0;0;0;1;0;0;1;1;0;0;0;1;0
2003 38 1;115;025033810447;17;0;0;0;0;0;0;1;0;0;0;0;0;0;0;0;0;0;1;0;0;0;0
2003 38 1;116;025033810434;17;0;0;0;0;0;0;1;0;0;0;0;0;0;0;0;0;0;1;0;0;0;0
2003 38 1;117;025033820850;11;0;0;1;0;1;1;1;0;0;0;0;0;1;0;0;1;1;0;0;0;1;0
2003 38 1;118;025033750190;11;1;0;1;1;0;1;0;0;0;0;0;0;0;0;0;1;1;0;0;0;1;0
2003 38 1;119;025033820611;11;1;1;0;0;0;0;1;0;0;0;0;0;0;0;1;1;0;1;0;0;0;1
2003 38 1;120;025033820849;11;0;0;1;0;1;1;1;0;0;0;0;0;1;0;0;1;1;0;0;0;1;0
2003 38 1;121;025033821094;1;1;0;0;0;0;0;0;0;0;0;0;0;0;0;0;0;0;0;0;0;0;0
2003 38 1;122;025033850325;1;0;0;1;0;0;1;1;0;0;0;0;0;0;0;0;0;1;0;0;1;1;1
2003 38 1;123;025033930108;1;1;0;1;0;0;0;0;0;0;0;0;0;0;0;0;0;1;1;0;0;1;0
2003 38 1;124;025033821096;1;1;0;0;0;0;0;0;0;0;0;0;0;0;0;0;0;0;0;0;0;0;0
2003 38 1;125;025033830162;2;0;0;1;0;0;0;1;0;0;0;1;0;0;0;0;0;0;0;1;0;0;0
2003 38 1;126;025033820220;2;1;0;1;0;0;0;0;0;0;0;1;1;0;0;0;0;0;1;1;0;0;0
2003 38 1;127;025033810272;3;0;0;0;0;0;0;0;0;0;0;0;0;1;0;0;1;0;0;0;0;0;0
2003 38 1;128;025033810539;3;1;0;0;0;0;0;0;0;1;0;0;0;0;0;0;1;0;0;0;0;0;0
2003 38 1;129;025033820889;3;0;0;1;0;0;1;1;0;0;0;0;0;0;0;0;1;1;0;0;0;1;0
2003 38 1;130;025033520106;3;1;0;1;0;0;0;0;0;0;0;0;0;0;0;0;1;1;1;0;0;1;0
2003 38 1;131;025033810622;3;1;0;0;0;0;0;0;0;0;0;0;0;0;0;0;1;0;0;0;0;0;0
2003 38 1;132;025033810929;3;0;0;0;0;0;0;0;0;0;0;0;0;0;0;0;1;0;0;0;0;0;0
2003 38 1;133;025034010260;4;1;0;1;0;0;0;0;0;0;0;0;0;0;0;0;0;1;1;0;0;1;0
2003 38 1;134;025033810472;4;1;0;1;1;1;1;1;0;0;0;0;0;0;0;0;0;1;0;0;0;1;0
2003 38 1;135;025033810959;3;0;0;0;0;0;0;0;0;0;0;0;0;1;0;0;1;0;0;0;0;0;1
2003 38 1;136;025033520103;3;1;0;1;0;0;0;0;0;0;0;0;0;0;0;0;1;1;1;0;0;1;0
2003 38 1;137;025033810850;3;0;0;0;0;0;0;0;0;1;0;0;0;0;0;0;1;0;0;0;0;0;0
2003 38 1;138;025033840355;9;1;0;1;1;1;1;1;1;0;0;0;1;0;1;0;0;1;0;0;0;1;1
2003 38 1;139;025033530129;7;1;0;1;0;0;0;0;0;0;0;0;0;0;0;0;1;1;1;0;0;1;0
2003 38 1;140;025033820094;7;0;0;0;0;1;1;1;0;0;0;0;0;0;0;0;1;0;0;0;0;1;0
2003 38 1;141;025033810145;7;1;0;1;0;0;1;0;0;0;0;0;0;0;0;0;1;1;0;0;0;1;0
2003 38 1;142;025033750497;7;1;1;1;1;0;1;1;0;0;0;0;0;0;0;0;1;1;1;0;0;1;1
2003 38 1;143;025033810429;7;0;0;0;0;0;0;0;0;0;0;0;0;0;0;0;1;0;0;0;0;1;0
2003 38 1;144;025033820239;7;0;0;1;0;1;1;1;0;0;0;0;0;0;0;0;1;1;0;0;1;1;0
2003 38 1;145;025033930110;1;1;0;1;0;0;0;0;0;0;0;0;0;0;0;0;0;1;1;0;0;1;0
2003 38 1;146;025033821091;1;1;0;0;0;0;1;1;0;1;0;0;0;0;0;1;0;0;0;0;0;0;1
2003 38 1;147;025033750064;1;0;0;1;0;0;0;0;0;0;0;0;0;0;0;0;0;1;1;0;0;1;0
2003 38 1;148;025033810254;1;1;0;1;1;0;1;0;0;0;0;0;0;0;0;0;0;1;0;0;0;1;1
2003 38 1;149;025033810435;17;0;0;0;0;0;0;1;0;0;0;0;0;0;0;0;0;0;1;0;0;0;0
2003 38 1;150;025033810439;17;0;0;0;0;0;0;1;0;0;0;0;0;0;0;0;0;0;1;0;0;0;0
2003 38 1;151;025033810264;1;1;0;1;0;0;1;0;0;0;0;0;0;0;0;0;0;1;0;0;0;1;0
2003 38 1;152;025033820582;1;1;1;1;1;1;1;1;0;0;0;0;0;0;0;0;0;1;1;0;0;1;1
2003 38 1;153;025033810934;1;0;0;0;0;0;0;1;1;1;0;0;0;0;0;0;0;0;0;0;0;0;1
2003 38 1;154;025033820945;5;1;0;1;0;0;1;0;0;0;0;0;0;0;0;0;0;1;0;0;0;1;0
2003 38 1;155;025034140240;5;1;0;1;0;0;0;0;0;0;0;0;0;0;0;0;0;1;1;0;0;1;0
2003 38 1;156;025033810953;5;0;0;0;0;0;0;0;0;0;0;0;0;0;0;0;0;0;0;0;0;0;0
2003 38 1;157;025033810461;5;1;0;1;1;1;1;1;0;0;0;0;0;0;0;0;0;1;0;0;0;1;0
2003 38 1;158;025033930129;5;1;0;1;0;0;0;0;0;0;0;0;0;0;0;0;0;1;1;0;0;1;0
2003 38 1;159;025033820166;14;0;0;0;0;0;0;0;0;0;0;0;1;0;0;0;1;0;0;0;0;0;1
2003 38 1;160;025033830167;2;0;0;1;0;0;0;1;0;0;0;1;0;0;0;0;0;0;0;1;0;0;0
2003 38 1;161;025033830187;2;0;0;1;0;0;0;1;0;0;0;1;0;0;0;0;0;0;0;1;0;0;0
2003 38 1;162;025033810617;1;1;0;0;0;0;0;0;0;0;0;0;0;1;0;0;0;0;0;0;0;0;0
2003 38 1;163;025033930106;1;1;0;1;0;0;0;0;0;0;0;0;0;0;0;0;0;1;1;0;0;1;0
2003 38 1;164;025033810901;1;0;0;0;0;0;1;0;0;0;0;0;0;0;0;0;0;0;0;0;0;0;0
2003 38 1;165;025033810467;1;1;0;1;1;1;1;1;0;0;0;0;0;0;0;0;0;1;0;0;0;1;0
2003 38 1;166;025033930112;1;1;0;1;0;0;0;0;0;0;0;0;0;0;0;0;0;1;1;0;0;1;0
2003 38 1;167;025033810906;1;0;0;0;0;0;1;0;0;1;0;0;0;0;0;0;0;0;0;0;0;0;1
2003 38 1;168;025033810910;1;0;0;1;0;0;1;1;0;0;0;0;0;0;0;0;0;1;0;0;0;1;0
2003 38 1;169;025033930111;1;1;0;1;0;0;0;0;0;0;0;0;0;0;0;0;0;1;1;0;0;1;0
2003 38 1;170;025033810261;3;1;0;0;0;0;0;0;0;0;0;0;0;1;0;0;1;0;0;0;0;0;0
2003 38 1;171;025033810554;3;0;0;0;0;0;1;0;0;0;0;0;0;0;0;0;1;1;0;0;0;1;0
2003 38 1;172;025033520100;3;1;0;1;0;0;0;0;0;0;0;0;0;0;0;0;1;1;1;0;0;1;0
2003 38 1;173;025033810571;3;0;0;0;0;0;0;0;0;0;0;0;0;1;0;0;1;0;0;0;0;0;0
2003 38 1;174;025033810319;3;1;0;0;0;0;1;0;0;0;0;0;0;0;0;0;1;1;0;0;0;1;0
2003 38 1;175;025033750324;3;1;1;1;1;1;1;1;0;0;0;0;0;0;0;0;1;1;1;0;0;1;1
2003 38 1;176;025033810875;3;0;0;0;0;0;0;0;0;1;0;0;0;0;0;0;1;0;0;0;0;0;0
2003 38 1;177;025033830200;2;0;0;1;0;0;0;1;0;0;0;1;0;0;0;0;0;0;0;1;0;0;0
2003 38 1;178;025033830196;2;0;0;1;0;0;0;1;0;0;0;1;0;0;0;0;0;0;0;1;0;0;0
2003 38 1;179;025033820099;7;0;0;0;0;1;1;1;0;0;0;0;0;0;0;0;1;0;0;0;0;1;0
2003 38 1;180;025033820720;7;0;0;1;0;0;1;1;1;0;0;0;1;0;0;0;1;1;0;0;0;1;1
2003 38 1;181;025033810450;17;0;0;0;0;0;0;1;0;0;0;0;0;0;0;0;0;0;1;0;0;0;0
2003 38 1;182;025033540190;17;0;0;0;0;0;0;1;0;0;0;0;0;1;0;0;0;0;1;0;0;0;0
2003 38 1;183;025033830122;11;0;0;1;1;1;1;1;0;0;0;0;0;0;0;0;1;1;0;0;1;1;0
2003 38 1;184;025033820376;11;0;0;1;0;0;1;0;0;0;0;0;0;0;0;0;1;1;0;0;0;1;0
2003 38 1;185;025033820833;3;1;0;0;0;0;0;0;0;0;0;0;0;0;0;0;1;0;0;0;0;0;0
2003 38 1;186;025033810864;3;0;0;0;0;0;0;0;0;1;0;0;0;0;0;0;1;0;0;0;0;0;0
2003 38 1;187;025033820620;3;1;1;1;1;0;1;1;0;0;0;0;0;0;0;0;1;1;1;0;0;1;1
2003 38 1;188;025033810967;3;0;0;0;0;0;0;0;0;0;0;0;0;0;0;0;1;0;0;0;0;0;0
2003 38 1;189;025033810922;3;1;0;0;0;0;0;0;0;0;0;0;0;1;0;0;1;0;0;0;0;0;1
2003 38 1;190;025033520107;3;1;0;1;0;0;0;0;0;0;0;0;0;0;0;0;1;1;1;0;0;1;0
2003 38 1;191;025033820917;3;0;0;1;0;0;0;0;0;0;0;0;1;0;0;0;1;0;0;0;0;0;0
2003 38 1;192;025033810171;3;1;0;0;0;0;0;0;0;0;0;0;0;1;0;0;1;0;0;0;0;0;1
2003 38 1;193;025033810974;3;0;0;0;0;0;0;0;0;0;0;0;0;0;0;0;1;0;0;0;0;0;0
2003 38 1;194;025033830191;2;0;0;1;0;0;0;1;0;0;0;1;0;0;0;0;0;0;0;1;0;0;0
2003 38 1;195;025033830181;2;0;0;1;0;0;0;1;0;0;0;1;0;0;0;0;0;0;0;1;0;0;0
2003 38 1;196;025033810874;3;0;0;0;0;0;0;0;0;1;0;0;0;0;0;0;1;0;0;0;0;0;0
2003 38 1;197;025033940122;3;0;0;1;0;0;0;0;0;0;0;0;0;0;0;0;1;1;1;0;0;1;0
2003 38 1;198;025033810937;3;0;0;0;0;0;0;0;0;0;0;0;0;0;0;0;1;0;0;0;0;0;0
2003 38 1;199;025033810224;3;1;0;1;0;0;1;0;0;0;0;0;0;1;0;0;1;1;0;0;0;1;0
2003 38 1;200;025033820966;3;0;0;0;0;0;0;0;0;0;0;0;0;0;0;0;1;1;0;0;0;1;0
2003 38 1;201;025033750104;3;1;0;1;0;0;0;0;0;0;0;0;0;0;0;0;1;0;1;0;0;0;0
2003 38 1;202;025033810475;4;1;0;1;1;1;1;1;0;0;0;0;0;0;0;0;0;1;0;0;0;1;0
2003 38 1;203;025033810200;3;0;0;0;0;0;1;0;0;0;0;0;0;1;0;0;1;1;0;0;0;1;0
2003 38 1;204;025033820897;3;0;0;0;0;0;0;0;0;0;0;0;0;0;0;0;1;0;0;0;0;0;1
2003 38 1;205;025033810298;3;1;0;1;0;0;1;0;0;0;0;0;0;0;0;0;1;1;0;0;0;1;0
2003 38 1;206;025033520109;3;1;0;1;0;0;0;0;0;0;0;0;0;0;0;0;1;1;1;0;0;1;0
2003 38 1;207;025033810878;3;0;0;0;0;0;0;0;0;1;0;0;0;0;0;0;1;0;0;0;0;0;0
2003 38 1;208;025033840366;12;1;0;1;1;1;1;1;1;0;0;0;1;0;1;0;0;1;0;0;0;1;1
2003 38 1;209;025034010574;12;1;0;1;0;0;1;0;0;0;0;0;0;0;0;0;0;1;0;0;0;1;0
2003 38 1;210;025033810449;17;0;0;0;0;0;0;1;0;0;0;0;0;0;0;0;0;0;1;0;0;0;0
2003 38 1;211;025033810438;17;0;0;0;0;0;0;1;0;0;0;0;0;0;0;0;0;0;1;0;0;0;0
2003 38 1;212;025033810437;17;0;0;0;0;0;0;1;0;0;0;0;0;0;0;0;0;0;1;0;0;0;0
2003 38 1;213;025033810939;8;0;0;1;1;0;1;0;0;0;0;0;0;0;0;0;0;1;0;0;0;1;1
2003 38 1;214;025033820226;8;0;0;1;0;1;1;1;0;0;0;0;0;0;0;0;0;1;0;0;1;1;0
2003 38 1;215;025033810436;17;0;0;0;0;0;0;1;0;0;0;0;0;0;0;0;0;0;1;0;0;0;0
2003 38 1;216;025033540180;17;0;0;0;0;0;0;1;0;0;0;0;0;1;0;0;0;0;1;0;0;0;0
2003 38 1;217;025033830186;2;0;0;1;0;0;0;1;0;0;0;1;0;0;0;0;0;0;0;1;0;0;0
2003 38 1;218;025033820214;2;1;0;1;0;0;0;0;0;0;0;1;1;0;0;0;0;0;1;1;0;0;0
2003 38 1;219;025033820105;7;0;0;0;0;1;1;1;0;0;0;0;0;0;0;0;1;0;0;0;0;1;0
2003 38 1;220;025033810028;7;0;0;1;0;0;1;1;0;0;0;0;0;1;0;0;1;0;0;0;0;0;0
2003 38 1;221;025033750325;7;1;1;1;1;0;1;1;0;0;0;0;0;0;0;0;1;1;1;0;0;1;1
2003 38 1;222;025033820182;7;0;0;0;0;0;0;0;0;1;0;0;0;0;0;0;1;0;0;0;0;0;1
2003 38 1;223;025033750614;7;1;0;1;0;1;1;1;0;0;0;0;0;0;0;0;1;1;0;0;0;1;0
2003 38 1;224;025033820678;7;0;0;1;0;0;1;0;0;0;0;0;0;0;0;0;1;1;0;0;0;1;0
2003 38 1;225;025033810032;7;1;0;0;0;0;1;0;0;0;0;0;0;0;0;0;1;0;0;0;0;1;1
2003 38 1;226;025033820093;7;0;0;0;0;1;1;1;0;0;0;0;0;0;0;0;1;0;0;0;0;1;0
2003 38 1;227;025033820664;7;0;0;1;1;0;1;1;1;0;0;0;0;0;0;0;1;1;0;0;0;1;1
2003 38 1;228;025033810019;15;0;0;1;0;0;0;0;0;0;0;0;1;0;0;0;0;0;0;0;0;0;0
2003 38 1;229;025033810211;3;1;0;0;0;0;1;0;0;0;0;0;0;0;0;0;1;1;0;0;0;1;0
2003 38 1;230;025033810688;3;1;0;0;0;0;1;1;0;0;0;0;0;0;0;0;1;0;0;0;0;0;1
2003 38 1;231;025033810862;3;0;0;0;0;0;0;0;0;1;0;0;0;0;0;0;1;0;0;0;0;0;0
2003 38 1;232;025033820621;3;1;1;1;1;0;1;1;0;0;0;0;0;0;0;0;1;1;1;0;0;1;1
2003 38 1;233;025033810259;3;1;0;0;0;0;0;0;0;0;0;0;0;1;0;0;1;0;0;0;0;0;0
2003 38 1;234;025033830206;2;0;0;1;0;0;0;1;0;0;0;1;0;0;0;0;0;0;0;1;0;0;0
2003 38 1;235;025033830172;2;0;0;1;0;0;0;1;0;0;0;1;0;0;0;0;0;0;0;1;0;0;0
2003 38 1;236;025033810944;3;0;0;0;0;0;0;0;0;0;0;0;0;0;0;0;1;0;0;0;0;0;0
2003 38 1;237;025033520108;3;1;0;1;0;0;0;0;0;0;0;0;0;0;0;0;1;1;1;0;0;1;0
2003 38 1;238;025033810238;3;1;0;1;0;0;1;0;0;0;0;0;0;1;0;0;1;1;0;0;0;1;1
2003 38 1;239;025033821084;3;0;0;0;0;0;0;0;0;0;0;0;0;0;0;0;1;0;0;0;0;0;0
2003 38 1;240;025033820388;5;1;0;1;1;1;1;1;0;0;0;0;0;0;0;0;0;1;0;0;0;1;0
2003 38 1;241;025033750078;5;1;0;1;0;0;1;0;0;0;0;0;0;0;0;0;0;1;1;0;0;1;0
2003 38 1;242;025033810853;3;0;0;0;0;0;0;0;0;1;0;0;0;0;0;0;1;0;0;0;0;0;0
2003 38 1;243;025033810119;3;1;0;0;0;0;0;0;0;0;0;0;0;1;0;0;1;0;0;0;0;0;0
2003 38 1;244;025033810905;8;0;0;1;0;0;1;0;0;0;0;0;0;0;0;0;0;1;0;0;0;1;0
2003 38 1;245;025033820233;8;0;0;1;1;1;1;1;0;0;0;0;0;0;0;0;0;1;0;0;1;1;0
2003 38 1;246;025033820835;3;1;0;0;0;0;0;0;0;0;0;0;0;0;0;0;1;0;0;0;0;0;0
2003 38 1;247;025033820867;3;1;1;1;0;0;0;1;0;0;0;0;0;0;0;0;1;0;1;0;0;0;1
2003 38 1;248;025033810855;3;0;0;0;0;0;0;0;0;1;0;0;0;0;0;0;1;0;0;0;0;0;0
2003 38 1;249;025033750583;3;1;0;1;1;0;1;0;0;0;0;0;0;0;0;0;1;1;0;0;0;1;0
2003 38 1;250;025033820919;3;0;0;1;0;0;0;0;0;0;0;0;1;0;0;0;1;0;0;0;0;0;0
2003 38 1;251;025033810097;3;1;0;0;0;0;1;1;1;0;0;0;0;0;0;0;1;1;0;0;0;1;1
2003 38 1;252;025033810160;3;0;0;0;0;0;0;0;0;0;0;0;0;1;0;0;1;0;0;0;0;0;0
2003 38 1;253;025033630170;3;1;0;1;0;0;0;0;0;0;0;0;0;0;0;0;1;1;1;0;0;1;0
2003 38 1;254;025033810378;3;1;0;0;0;0;0;0;0;0;0;0;0;0;0;0;1;0;0;0;0;0;1
2003 38 1;255;025033810185;3;0;0;0;0;0;0;0;0;1;0;0;0;1;0;0;1;0;0;0;0;0;0
2003 38 1;256;025033820410;5;1;0;1;1;1;1;1;0;0;0;0;0;0;0;0;0;1;0;0;0;1;0
2003 38 1;257;025033810930;5;0;0;1;0;0;1;0;0;0;0;0;0;0;0;0;0;1;0;0;0;1;0
2003 38 1;258;025033920027;22;1;0;0;0;0;0;1;0;0;0;0;0;0;0;0;0;0;0;1;0;0;0
2003 38 1;259;025033810903;4;0;1;1;0;1;1;1;0;0;0;0;0;0;0;0;0;1;1;0;1;1;1
2003 38 1;260;025033810473;4;1;0;1;1;1;1;1;0;0;0;0;0;0;0;0;0;1;0;0;0;1;0
2003 38 1;261;025033820164;14;0;0;0;0;0;0;0;0;0;0;0;1;0;0;0;1;0;0;0;0;0;1
2003 38 1;262;025033820398;14;0;0;0;0;0;0;0;0;0;0;0;0;1;0;0;1;0;0;0;0;0;0
2003 38 1;263;025033810894;14;1;0;0;0;0;1;1;0;1;0;0;0;0;0;0;1;0;0;0;0;0;0
2003 38 1;264;025033820169;14;0;0;0;0;0;0;0;0;0;0;0;1;0;0;0;1;0;0;0;0;0;1
2003 38 1;265;025033540182;17;0;0;0;0;0;0;1;0;0;0;0;0;1;0;0;0;0;1;0;0;0;0
2003 38 1;266;025033810362;1;1;0;1;0;0;1;0;0;0;0;0;0;0;0;0;0;1;0;0;0;1;0
2003 38 1;267;025033810464;1;1;0;1;1;1;1;1;0;0;0;0;0;0;0;0;0;1;0;0;0;1;0
2003 38 1;268;025033820141;1;0;0;0;0;0;0;0;0;0;0;0;0;0;0;0;0;0;1;0;0;0;0
2003 38 1;269;025033930109;1;1;0;1;0;0;0;0;0;0;0;0;0;0;0;0;0;1;1;0;0;1;0
2003 38 1;270;025033820275;1;0;0;1;0;0;1;1;1;0;0;0;0;0;0;0;0;1;0;0;0;1;1
2003 38 1;271;025033810296;3;1;0;0;0;0;0;0;0;0;0;0;0;1;0;0;1;0;0;0;0;0;0
2003 38 1;272;025033820253;3;1;1;1;1;0;1;1;0;0;0;0;0;0;0;0;1;1;1;0;0;1;1
2003 38 1;273;025033810551;3;0;0;0;0;0;1;0;0;0;0;0;0;0;0;0;1;1;0;0;0;1;0
2003 38 1;274;025033810538;3;1;0;0;0;0;0;0;0;1;0;0;0;0;0;0;1;0;0;0;0;0;0
2003 38 1;275;025033820461;3;0;0;1;0;0;0;0;0;0;0;0;1;0;0;0;1;0;1;0;0;0;0
2003 38 1;276;025033810118;3;1;0;0;0;0;0;0;0;0;0;0;0;1;0;0;1;0;0;0;0;0;0
2003 38 1;277;025033810124;3;0;0;0;0;0;1;0;0;0;0;0;0;0;0;0;1;1;0;0;0;1;0
2003 38 1;278;025033810981;3;0;0;0;0;0;0;0;0;0;0;0;0;0;0;0;1;0;0;0;0;0;0
2003 38 1;279;025033830165;2;0;0;1;0;0;0;1;0;0;0;1;0;0;0;0;0;0;0;1;0;0;0
2003 38 1;280;025033820989;1;1;1;1;1;0;1;1;0;0;0;0;0;0;0;0;0;1;1;0;0;1;1
2003 38 1;281;025033821092;1;1;0;0;0;0;0;0;0;0;0;0;0;0;0;0;0;0;0;0;0;0;0
2003 38 1;282;025033830303;1;0;0;1;0;1;1;1;0;0;0;0;0;0;0;0;0;1;0;0;1;1;0
2003 38 1;283;025033750085;1;0;0;1;0;0;0;0;0;0;0;0;0;0;0;0;0;1;1;0;0;1;0
2003 38 1;284;025033820950;1;1;0;0;0;0;0;0;0;1;0;0;0;0;0;0;0;0;0;0;0;0;0
2003 38 1;285;025033810920;9;0;0;1;0;1;1;1;0;0;0;0;0;0;0;0;0;1;0;0;0;1;0
2003 38 1;286;025033810596;9;1;0;1;1;0;1;0;0;0;0;0;0;0;0;0;0;1;0;0;0;1;1
2003 38 1;287;025033920022;10;0;0;0;0;0;0;0;0;0;1;0;0;0;0;0;0;0;0;0;0;0;0
2003 38 1;288;025033820645;1;1;1;1;0;1;1;1;0;0;0;0;0;1;0;0;0;1;1;0;0;1;1
2003 38 1;289;025033930113;1;1;0;1;0;0;0;0;0;0;0;0;0;0;0;0;0;1;1;0;0;1;0
2003 38 1;290;025033750784;12;0;0;0;0;0;0;0;0;0;0;0;0;0;0;0;0;0;0;0;0;0;0
2003 38 1;291;025033840363;12;1;0;1;1;1;1;1;1;0;0;0;1;0;1;0;0;1;0;0;0;1;1
2003 38 1;292;025033810222;12;1;0;1;0;0;1;0;0;0;0;0;0;1;0;0;0;1;0;0;0;1;0
2003 38 1;293;025033820046;23;0;0;0;0;0;0;0;0;1;0;0;0;0;0;0;0;0;0;1;0;0;0
2003 38 1;294;025033820843;11;0;0;1;0;1;1;1;0;0;0;0;0;1;0;0;1;1;0;0;0;1;0
2003 38 1;295;025034120230;11;1;0;1;0;0;0;0;0;0;0;0;0;0;0;0;1;1;1;0;0;1;0
2003 38 1;296;025033820606;11;0;0;0;0;0;1;0;0;0;0;0;0;0;0;0;1;0;0;0;0;1;0
2003 38 1;297;025033810649;11;1;0;1;0;0;1;0;0;0;0;0;0;0;0;0;1;1;0;0;0;1;0
2003 38 1;298;025033810051;18;0;0;1;0;0;0;1;1;0;0;0;1;0;0;0;0;0;1;0;0;0;1
2003 38 1;299;025033820095;7;0;0;0;0;1;1;1;0;0;0;0;0;0;0;0;1;0;0;0;0;1;0
2003 38 1;300;025033750194;7;1;0;1;0;1;1;1;0;0;0;0;0;0;0;0;1;1;0;0;0;1;0
2003 38 1;301;025033750327;7;1;1;1;1;0;1;1;0;0;0;0;0;0;0;0;1;1;1;0;0;1;1
2003 38 1;302;025033820563;7;0;0;0;0;0;0;0;0;1;0;0;0;0;0;0;1;0;0;0;0;0;0
2003 38 1;303;025033750604;7;1;0;1;0;1;1;1;0;0;0;0;0;0;0;0;1;1;0;0;0;1;0
2003 38 1;304;025033810952;7;0;0;1;0;0;1;1;0;0;0;0;0;0;0;0;1;1;0;0;0;1;0
2003 38 1;305;025033810978;3;0;0;0;0;0;0;0;0;0;0;0;0;0;0;0;1;0;0;0;0;0;0
2003 38 1;306;025033720350;3;1;0;1;0;0;0;0;0;0;0;0;0;0;0;0;1;1;1;0;0;1;0
2003 38 1;307;025033810564;3;1;0;1;0;0;1;0;0;0;0;0;0;1;0;0;1;1;0;0;0;1;0
2003 38 1;308;025033821082;3;0;0;0;0;0;0;0;0;0;0;0;0;0;0;0;1;0;0;0;0;0;0
2003 38 1;309;025033830176;2;0;0;1;0;0;0;1;0;0;0;1;0;0;0;0;0;0;0;1;0;0;0
2003 38 1;310;025033820215;2;1;0;1;0;0;0;0;0;0;0;1;1;0;0;0;0;0;1;1;0;0;0
2003 38 1;311;025033810480;3;1;0;0;0;0;0;0;0;0;0;0;0;0;0;0;1;0;0;0;0;0;1
2003 38 1;312;025033810190;3;0;0;0;0;0;1;0;0;0;0;0;0;0;0;0;1;1;0;0;0;1;0
2003 38 1;313;025033820817;3;1;1;0;0;0;0;1;0;0;0;0;0;1;0;0;1;0;1;0;0;0;1
2003 38 1;314;025033810242;3;1;0;1;1;0;1;0;0;0;0;0;0;0;0;0;1;1;0;0;0;1;0
2003 38 1;315;025033810854;3;0;0;0;0;0;0;0;0;1;0;0;0;0;0;0;1;0;0;0;0;0;0
2003 38 1;316;025033810087;3;1;0;0;0;0;1;1;1;0;0;0;0;0;0;0;1;1;0;0;0;1;1
2003 38 1;317;025033730133;3;1;0;1;0;0;0;0;0;0;0;0;0;0;0;0;1;1;1;0;0;1;0
2003 38 1;318;025033810976;3;0;0;0;0;0;0;0;0;0;0;0;0;0;0;0;1;0;0;0;0;0;0
2003 38 1;319;025033810166;3;1;0;0;0;0;0;0;0;0;0;0;0;1;0;0;1;0;0;0;0;0;0
2003 38 1;320;025033810503;9;1;0;1;1;0;1;0;0;0;0;0;0;0;0;0;0;1;0;0;0;1;1
2003 38 1;321;025033850312;9;0;0;1;0;1;1;1;0;0;0;0;0;0;0;1;0;1;0;0;1;1;0
2003 38 1;322;025033820741;3;1;0;0;0;0;0;0;0;0;0;0;0;0;0;0;1;0;0;0;0;0;0
2003 38 1;323;025033820918;3;0;0;1;0;0;0;0;0;0;0;0;1;0;0;0;1;0;0;0;0;0;0
2003 38 1;324;025033810292;3;1;0;1;0;0;1;0;0;0;0;0;0;0;0;0;1;1;0;0;0;1;1
2003 38 1;325;025033810869;3;0;0;0;0;0;0;0;0;1;0;0;0;0;0;0;1;0;0;0;0;0;0
2003 38 1;326;025033810159;3;0;0;0;0;0;0;0;0;0;0;0;0;1;0;0;1;0;0;0;0;0;0
2003 38 1;327;025033810477;8;1;0;1;1;1;1;1;0;0;0;0;0;0;0;0;0;1;0;0;0;1;0
2003 38 1;328;025033820460;8;1;0;1;0;0;1;0;0;0;0;0;0;0;0;0;0;1;0;0;0;1;0
2003 38 1;329;025033810103;17;0;1;0;0;0;0;1;0;0;0;0;0;0;0;0;0;0;1;0;0;0;1
2003 38 1;330;025033540191;17;0;0;0;0;0;0;1;0;0;0;0;0;1;0;0;0;0;1;0;0;0;0
2003 38 1;331;025033810531;1;1;0;1;0;0;1;0;0;0;0;0;0;0;0;1;0;1;0;0;0;1;0
2003 38 1;332;025033810458;1;1;0;0;0;0;0;1;0;0;0;0;0;0;0;0;0;0;0;0;0;0;0
2003 38 1;333;025033750086;1;0;0;1;0;0;0;0;0;0;0;0;0;0;0;0;0;1;1;0;0;1;0
2003 38 1;334;025033830614;1;1;0;1;1;1;1;1;1;0;0;0;1;0;1;0;0;1;0;0;0;1;1
2003 38 1;335;025033810956;3;0;0;0;0;0;0;0;0;0;0;0;0;0;0;0;1;0;0;0;0;0;0
2003 38 1;336;025033810226;3;1;0;1;0;0;1;0;0;0;0;0;0;1;0;0;1;1;0;0;0;1;0
2003 38 1;337;025033810210;3;1;0;0;0;0;1;0;0;0;0;0;0;0;0;0;1;1;0;0;0;1;0
2003 38 1;338;025033810873;3;0;0;0;0;0;0;0;0;1;0;0;0;0;0;0;1;0;0;0;0;0;0
2003 38 1;339;025033750103;3;1;0;0;0;0;0;0;0;0;0;0;0;0;0;0;1;0;1;0;0;0;0
2003 38 1;340;025033810283;3;1;0;1;0;0;1;0;0;0;0;0;0;1;0;0;1;1;0;0;0;1;1
2003 38 1;341;025033820967;3;0;0;0;0;0;0;0;0;0;0;0;0;0;0;0;1;1;0;0;0;1;0
2003 38 1;342;025033810519;3;0;1;0;0;0;0;1;0;0;0;0;0;0;0;0;1;0;1;0;0;0;1
2003 38 1;343;025033810251;3;1;0;1;1;0;1;0;0;0;0;0;0;0;0;0;1;1;0;0;0;1;0
2003 38 1;344;025033820697;3;1;0;0;0;0;0;0;0;0;0;0;0;0;0;0;1;0;0;0;0;0;0
2003 38 1;345;025033830182;2;0;0;1;0;0;0;1;0;0;0;1;0;0;0;0;0;0;0;1;0;0;0
2003 38 1;346;025033820218;2;1;0;1;0;0;0;0;0;0;0;1;1;0;0;0;0;0;1;1;0;0;0
2003 38 1;347;025033810972;3;0;0;0;0;0;1;0;0;0;0;0;0;0;0;0;1;0;0;0;0;0;1
2003 38 1;348;025033810365;3;1;0;0;0;0;0;0;0;1;0;0;0;0;0;0;1;0;0;0;0;0;0
2003 38 1;349;025033820668;3;0;0;1;0;0;1;1;0;0;0;0;0;0;0;0;1;1;0;0;0;1;0
2003 38 1;350;025034020430;3;0;0;1;0;0;0;0;0;0;0;0;0;0;0;0;1;1;1;0;0;1;0
2003 38 1;351;025033810165;3;1;0;0;0;0;0;0;0;0;0;0;0;1;0;0;1;0;0;0;0;0;0
2003 38 1;352;025033810969;3;0;0;0;0;0;1;0;0;0;0;0;0;0;0;0;1;0;0;0;0;0;1
2003 38 1;353;025033820976;3;0;0;0;0;0;0;0;0;0;0;0;0;0;0;0;1;1;0;0;0;1;0
2003 38 1;354;025033730183;3;1;0;1;0;0;0;0;0;0;0;0;0;0;0;0;1;1;1;0;0;1;0
2003 38 1;355;025033810628;3;1;0;0;0;0;0;0;0;1;0;0;0;0;0;0;1;0;0;0;0;0;0
2003 38 1;356;025033820237;1;0;0;1;0;0;1;1;0;0;0;0;0;0;0;0;0;1;0;0;1;1;0
2003 38 1;357;025033930105;1;1;0;1;0;0;0;0;0;0;0;0;0;0;0;0;0;1;1;0;0;1;0
2003 38 1;358;025033821095;1;1;0;0;0;0;0;0;0;0;0;0;0;0;0;0;0;0;0;0;0;0;0
2003 38 1;359;025033810918;1;0;0;1;0;0;1;0;0;0;0;0;0;1;0;0;0;1;0;0;0;1;0
2003 38 1;360;025033820440;1;1;1;1;1;1;1;1;0;0;0;0;0;0;0;1;0;1;1;0;0;1;1
2003 38 1;361;025033810943;3;0;0;0;0;0;0;0;0;0;0;0;0;0;0;0;1;0;0;0;0;0;0
2003 38 1;362;025033820540;3;0;0;1;0;0;1;1;0;0;0;0;0;0;0;0;1;1;0;0;0;1;0
2003 38 1;363;025033820786;3;1;0;0;0;0;0;0;0;1;0;0;0;0;0;0;1;0;0;0;0;0;0
2003 38 1;364;025033810094;3;1;0;0;0;0;1;1;1;0;0;0;0;0;0;0;1;1;0;0;0;1;1
2003 38 1;365;025033820905;3;0;0;1;0;0;0;0;0;0;0;0;1;0;0;0;1;0;0;0;0;0;0
2003 38 1;366;025033830498;3;1;0;1;0;0;0;0;0;0;0;0;0;0;0;0;1;1;1;0;0;1;0
2003 38 1;367;025033810162;3;0;0;0;0;0;0;0;0;0;0;0;0;1;0;0;1;0;0;0;0;0;0
2003 38 1;368;025033810973;3;0;0;0;0;0;1;0;0;0;0;0;0;0;0;0;1;0;0;0;0;0;1
2003 38 1;369;025034010259;1;1;0;1;0;0;0;0;0;0;0;0;0;0;0;0;0;1;1;0;0;1;0
2003 38 1;370;025033820909;1;1;1;1;1;0;1;1;0;0;0;0;0;0;0;0;0;1;1;0;0;1;1
2003 38 1;371;025033821086;3;0;0;0;0;0;0;0;0;0;0;0;0;0;0;0;1;0;0;0;0;0;0
2003 38 1;372;025033820421;3;1;0;0;0;0;0;0;0;1;0;0;0;1;0;0;1;0;0;0;0;0;0
2003 38 1;373;025033820476;3;0;0;1;0;0;1;1;0;0;0;0;0;0;0;0;1;1;0;0;0;1;0
2003 38 1;374;025033810195;3;0;0;0;0;0;1;0;0;0;0;0;0;0;0;0;1;1;0;0;0;1;0
2003 38 1;375;025033830185;2;0;0;1;0;0;0;1;0;0;0;1;0;0;0;0;0;0;0;1;0;0;0
2003 38 1;376;025033820204;2;1;0;1;0;0;0;0;0;0;0;1;1;0;0;0;0;0;1;1;0;0;0
2003 38 1;377;025033810201;3;0;0;0;0;0;1;0;0;0;0;0;0;1;0;0;1;1;0;0;0;1;0
2003 38 1;378;025033810322;3;1;0;0;0;0;1;0;0;0;0;0;0;0;0;0;1;1;0;0;0;1;0
2003 38 1;379;025033810072;3;1;0;0;0;0;0;1;0;0;0;0;0;0;0;0;1;0;0;0;0;0;1
2003 38 1;380;025033810566;3;0;0;0;0;0;0;0;0;0;0;0;0;1;0;0;1;0;0;0;0;0;0
2003 38 1;381;025033810471;4;1;0;1;1;1;1;1;0;0;0;0;0;0;0;0;0;1;0;0;0;1;0
2003 38 1;382;025033810339;3;1;0;0;0;0;1;0;0;0;0;0;0;0;0;0;1;1;0;0;0;1;0
2003 38 1;383;025033821053;3;0;0;0;0;0;0;0;0;0;0;0;0;0;0;0;1;0;0;0;0;0;0
2003 38 1;384;025033810867;3;0;0;0;0;0;0;0;0;1;0;0;0;0;0;0;1;0;0;0;0;0;0
2003 38 1;385;025033810610;3;1;0;1;0;0;1;0;0;0;0;0;0;1;0;0;1;1;1;0;0;1;0
2003 38 1;386;025033810089;3;1;0;0;0;0;1;1;1;0;0;0;0;0;0;0;1;1;0;0;0;1;1
2003 38 1;387;025033820819;3;0;0;0;0;0;0;0;0;0;0;0;1;0;0;0;1;0;0;0;0;0;0
2003 38 1;388;025033810363;5;1;0;1;1;1;1;1;0;0;0;0;0;0;0;0;0;1;0;0;1;1;0
2003 38 1;389;025033810942;5;0;0;1;0;0;1;0;0;0;0;0;0;0;0;0;0;1;0;0;0;1;0
2003 38 1;390;025033821059;5;1;0;0;0;0;1;0;0;0;0;0;0;0;0;0;0;1;0;0;0;1;0
2003 38 1;391;025033810911;5;0;0;1;0;0;0;1;0;1;0;0;0;0;0;1;0;0;0;0;0;0;1
2003 38 1;392;025033930128;5;1;0;1;0;0;0;0;0;0;0;0;0;0;0;0;0;1;1;0;0;1;0
2003 38 1;393;025033810299;3;1;0;0;0;0;0;0;0;0;0;0;0;1;0;0;1;0;0;0;0;0;0
2003 38 1;394;025033810197;3;0;0;0;0;0;1;0;0;0;0;0;0;0;0;0;1;1;0;0;0;1;0
2003 38 1;395;025033810376;3;1;0;1;1;0;1;1;0;0;0;0;0;0;0;0;1;1;0;0;0;1;1
2003 38 1;396;025033810126;3;1;0;0;0;0;0;0;0;0;0;0;0;1;0;0;1;0;0;0;0;0;0
2003 38 1;397;025033820650;3;0;0;1;0;0;1;0;0;0;0;0;0;0;0;0;1;1;0;0;0;1;0
2003 38 1;398;025033810861;3;0;0;0;0;0;0;0;0;1;0;0;0;0;0;0;1;0;0;0;0;0;0
2003 38 1;399;025033820988;13;1;1;1;1;0;1;1;0;0;0;0;0;0;0;0;0;1;1;1;0;1;1
2003 38 1;400;025033810453;17;0;0;0;0;0;0;1;0;0;0;0;0;0;0;0;0;0;1;0;0;0;0
2003 38 1;401;025033810257;1;1;0;1;0;0;1;0;0;0;0;0;0;0;0;0;0;1;0;0;0;1;0
2003 38 1;402;025033820235;1;0;0;1;0;0;1;1;0;0;0;0;0;0;0;0;0;1;0;0;1;1;0
2003 38 1;403;025033821093;1;1;0;0;0;0;0;0;0;0;0;0;0;0;0;0;0;0;0;0;0;0;0
2003 38 1;404;025033830615;1;1;0;1;1;1;1;1;1;0;0;0;1;0;1;0;0;1;0;0;0;1;1
2003 38 1;405;025033820155;1;0;0;0;0;0;0;0;0;0;0;0;0;0;0;0;0;0;1;0;0;0;0
2003 38 1;406;025033810218;1;1;0;1;0;0;1;0;0;0;0;0;0;1;0;0;0;1;0;0;0;1;0
2003 38 1;407;025033810660;1;1;0;1;0;1;1;1;0;0;0;0;0;0;0;0;0;1;0;0;0;1;1
2003 38 1;408;025033820153;1;0;0;0;0;0;0;0;0;0;0;0;0;0;0;0;0;0;1;0;0;0;0
2003 38 1;409;025033810665;1;1;0;1;1;0;1;0;0;0;0;0;0;0;0;0;0;1;0;0;0;1;1
2003 38 1;410;025034030113;1;1;0;1;0;0;1;1;0;0;0;0;0;0;0;0;0;1;1;0;0;1;0
2003 38 1;411;025033810849;3;0;0;0;0;0;0;0;0;1;0;0;0;0;0;0;1;0;0;0;0;0;0
2003 38 1;412;025033820551;3;1;0;0;0;0;0;0;0;0;0;0;0;0;0;0;1;0;0;0;0;0;0
2003 38 1;413;025033810243;3;1;0;1;1;0;1;0;0;0;0;0;0;0;0;0;1;1;0;0;0;1;0
2003 38 1;414;025033820767;3;0;0;1;0;0;0;0;0;0;0;0;1;0;0;0;1;0;0;0;0;0;0
2003 38 1;415;025033810202;3;0;0;0;0;0;1;0;0;0;0;0;0;1;0;0;1;1;0;0;0;1;0
2003 38 1;416;025033830497;3;1;0;1;0;0;0;0;0;0;0;0;0;0;0;0;1;1;1;0;0;1;0
2003 38 1;417;025033810857;3;0;0;0;0;0;0;0;0;1;0;0;0;0;0;0;1;0;0;0;0;0;0
2003 38 1;418;025033810142;3;1;0;0;0;0;1;0;0;0;0;0;0;0;0;0;1;1;0;0;0;1;0
2003 38 1;419;025034110002;3;1;0;0;0;0;1;0;0;0;0;0;0;0;0;0;1;0;0;0;0;1;0
2003 38 1;420;025033830169;2;0;0;1;0;0;0;1;0;0;0;1;0;0;0;0;0;0;0;1;0;0;0
2003 38 1;421;025033540186;17;0;0;0;0;0;0;1;0;0;0;0;0;1;0;0;0;0;1;0;0;0;0
2003 38 1;422;025033810440;17;0;0;0;0;0;0;1;0;0;0;0;0;0;0;0;0;0;1;0;0;0;0
2003 38 1;423;025033810430;17;0;0;0;0;0;0;1;0;0;0;0;0;0;0;0;0;0;1;0;0;0;0
2003 38 1;424;025033810431;17;0;0;0;0;0;0;1;0;0;0;0;0;0;0;0;0;0;1;0;0;0;0
2003 38 1;425;025033820939;9;1;0;1;0;0;1;0;0;0;0;0;0;0;0;0;0;1;0;0;0;1;0
2003 38 1;426;025033810900;9;0;0;1;1;0;1;1;1;0;0;0;1;0;0;0;0;1;0;0;0;1;1
2003 38 1;427;025033810872;3;0;0;0;0;0;0;0;0;1;0;0;0;0;0;0;1;0;0;0;0;0;0
2003 38 1;428;025034020446;3;0;0;1;0;0;0;0;0;0;0;0;0;0;0;0;1;1;1;0;0;1;0
2003 38 1;429;025033810484;3;1;0;0;0;0;0;0;0;0;0;0;0;0;0;0;1;0;0;0;0;0;1
2003 38 1;430;025033810350;3;0;0;0;0;0;1;0;0;0;0;0;0;0;0;0;1;1;0;0;0;1;0
2003 38 1;431;025033750102;3;1;0;0;0;0;0;0;0;0;0;0;0;0;0;0;1;0;1;0;0;0;0
2003 38 1;432;025033810213;3;1;0;0;0;0;1;0;0;0;0;0;0;0;0;0;1;1;0;0;0;1;0
2003 38 1;433;025033830197;2;0;0;1;0;0;0;1;0;0;0;1;0;0;0;0;0;0;0;1;0;0;0
2003 38 1;434;025033820209;2;1;0;1;0;0;0;0;0;0;0;1;1;0;0;0;0;0;1;1;0;0;0
2003 38 1;435;025033810928;8;0;0;0;0;0;0;0;0;0;0;0;0;0;0;1;0;0;0;0;0;0;0
2003 38 1;436;025033820721;8;1;0;1;1;0;1;0;0;0;0;0;0;0;0;0;0;1;0;0;0;1;0
2003 38 1;437;025033810680;8;1;0;1;0;1;1;1;0;0;0;0;0;1;0;0;0;1;0;0;0;1;1
2003 38 1;438;025033810961;1;0;0;0;0;0;0;0;0;0;0;0;0;0;0;0;0;0;0;0;0;0;0
2003 38 1;439;025034010242;1;1;0;1;0;0;0;0;0;0;0;0;0;0;0;0;0;1;1;0;0;1;0
2003 38 1;440;025033820703;1;1;1;1;1;0;1;1;0;0;0;0;0;0;0;0;0;1;1;0;0;1;1
2003 38 1;441;025033821066;11;0;0;0;0;0;0;0;0;0;0;0;0;0;0;0;1;0;0;0;0;0;0
2003 38 1;442;025033820844;11;0;0;1;0;1;1;1;0;0;0;0;0;1;0;0;1;1;0;0;0;1;0
2003 38 1;443;025033820880;11;0;0;1;0;0;1;0;0;0;0;0;0;0;0;0;1;1;1;0;0;1;1
2003 38 1;444;025033810933;6;0;0;0;0;0;0;0;0;1;0;0;0;0;0;0;1;0;0;0;0;0;0
2003 38 1;445;025033830124;1;0;0;1;0;0;1;1;0;0;0;0;0;0;0;0;0;1;0;0;1;1;0
2003 38 1;446;025033830616;1;1;0;1;1;1;1;1;1;0;0;0;1;0;1;0;0;1;0;0;0;1;1
2003 38 1;447;025033810916;1;0;0;0;0;0;0;0;0;0;0;0;0;0;0;0;0;0;0;0;0;0;0
2003 38 1;448;025034020426;1;1;0;1;0;0;0;0;0;0;0;0;0;0;0;0;0;1;1;0;0;1;0
2003 38 1;449;025033810924;1;1;0;1;0;0;1;1;0;0;0;0;0;0;0;0;0;1;0;0;0;1;1
2003 38 1;450;025033810955;3;0;0;0;0;0;0;0;0;0;0;0;0;0;0;0;1;0;0;0;0;0;0
2003 38 1;451;025033820628;3;0;1;0;0;0;0;1;0;1;0;0;0;0;0;0;1;0;1;0;0;0;1
2003 38 1;452;025033810291;3;1;0;1;0;0;1;0;0;0;0;0;0;0;0;0;1;1;0;0;0;1;0
2003 38 1;453;025033810326;3;1;0;0;0;0;1;0;0;0;0;0;0;0;0;0;1;1;0;0;0;1;0
2003 38 1;454;025033830207;2;0;0;1;0;0;0;1;0;0;0;1;0;0;0;0;0;0;0;1;0;0;0
2003 38 1;455;025033830189;2;0;0;1;0;0;0;1;0;0;0;1;0;0;0;0;0;0;0;1;0;0;0
2003 38 1;456;025033810323;3;1;0;0;0;0;1;0;0;0;0;0;0;0;0;0;1;1;0;0;0;1;0
2003 38 1;457;025033820084;3;0;0;0;0;0;0;1;0;1;0;0;0;0;0;0;1;0;0;0;0;0;0
2003 38 1;458;025033810225;3;1;0;1;0;0;1;0;0;0;0;0;0;1;0;0;1;1;0;0;0;1;0
2003 38 1;459;025033810132;3;1;0;0;0;0;0;0;0;0;0;0;0;0;0;0;1;0;0;0;0;0;1
2003 38 1;460;025034020135;3;0;0;1;0;0;0;0;0;0;0;0;0;0;0;0;1;1;1;0;0;1;0
2003 38 1;461;025033810203;3;0;0;0;0;0;1;0;0;0;0;0;0;1;0;0;1;1;0;0;0;1;0
2003 38 1;462;025033810957;3;0;0;0;0;0;0;0;0;0;0;0;0;0;0;0;1;0;0;0;0;0;0
2003 38 1;463;025034020150;1;1;0;1;0;0;0;0;0;0;0;0;0;0;0;0;0;1;1;0;0;1;0
2003 38 1;464;025033820584;1;1;0;1;0;0;0;1;1;1;0;0;0;0;0;0;0;0;0;0;0;0;1
2003 38 1;465;025033821189;1;0;0;0;0;0;0;0;0;0;0;0;1;0;0;0;0;0;0;0;0;0;0
2003 38 1;466;025034020152;1;1;0;1;0;0;0;0;0;0;0;0;0;0;0;0;0;1;1;0;0;1;0
2003 38 1;467;025033810499;1;1;0;0;0;0;0;0;0;0;0;0;0;0;0;0;0;0;0;0;0;0;0
2003 38 1;468;025033810968;1;0;0;1;0;0;1;0;0;0;0;0;0;0;0;0;0;1;0;0;0;1;0
2003 38 1;469;025033820479;1;1;1;1;1;0;1;1;0;0;0;0;0;0;0;0;0;1;1;0;0;1;1
2003 38 1;470;025033820873;3;1;0;0;0;0;0;0;0;1;0;0;0;0;0;0;1;0;0;0;0;0;0
2003 38 1;471;025033810971;3;0;0;0;0;0;1;0;0;0;0;0;0;0;0;0;1;0;0;0;0;0;1
2003 38 1;472;025033820163;3;1;0;1;0;0;0;0;0;0;0;0;0;0;0;0;1;1;1;0;0;1;0
2003 38 1;473;025033810260;3;1;0;0;0;0;0;0;0;0;0;0;0;1;0;0;1;0;0;0;0;0;0
2003 38 1;474;025033830159;2;0;0;1;0;0;0;1;0;0;0;1;0;0;0;0;0;0;0;1;0;0;0
2003 38 1;475;025033820521;7;0;0;1;0;0;1;0;0;0;0;0;0;0;0;0;1;1;0;0;0;1;0
2003 38 1;476;025033820100;7;0;0;0;0;1;1;1;0;0;0;0;0;0;0;0;1;0;0;0;0;1;0
2003 38 1;477;025033820648;7;0;0;1;1;0;1;0;0;0;0;0;1;0;0;0;1;1;0;0;0;1;1
2003 38 1;478;025033810375;7;1;0;1;0;1;1;1;0;0;0;0;0;0;0;0;1;1;0;0;0;1;0
2003 38 1;479;025033810528;7;1;0;0;0;0;0;0;0;1;0;0;0;0;0;0;1;0;0;0;0;0;1
2003 38 1;480;025033820227;7;0;0;1;0;1;1;1;0;0;0;0;0;0;0;0;1;1;0;0;1;1;0
2003 38 1;481;025033820885;13;1;1;1;1;0;1;1;0;0;0;0;0;0;0;0;0;1;1;1;0;1;1
2003 38 1;482;025033820550;3;1;0;0;0;0;0;0;0;0;0;0;0;0;0;0;1;0;0;0;0;0;0
2003 38 1;483;025033820977;3;0;0;0;0;0;0;0;0;0;0;0;0;0;0;0;1;1;0;0;0;1;0
2003 38 1;484;025033810170;3;1;0;0;0;0;0;0;0;0;0;0;0;1;0;0;1;0;0;0;0;0;1
2003 38 1;485;025033820970;3;0;0;0;0;0;0;0;0;0;0;0;0;0;0;0;1;1;0;0;0;1;0
2003 38 1;486;025033930154;3;1;0;1;0;0;0;0;0;0;0;0;0;0;0;0;1;1;1;0;0;1;0
2003 38 1;487;025033950123;3;1;0;0;0;0;0;1;0;0;0;0;0;0;0;0;1;0;0;0;0;0;0
2003 38 1;488;025033810887;3;0;0;0;0;0;0;0;0;1;0;0;0;0;0;0;1;0;0;0;0;0;0
2003 38 1;489;025033950203;3;1;0;1;0;0;0;0;0;0;0;0;0;0;0;0;1;1;1;0;0;1;0
2003 38 1;490;025033821085;3;0;0;0;0;0;0;0;0;0;0;0;0;0;0;0;1;0;0;0;0;0;0
2003 38 1;491;025033840352;1;1;0;1;1;1;1;1;1;0;0;0;1;0;1;0;0;1;0;0;0;1;1
2003 38 1;492;025034020427;1;1;0;1;0;0;0;0;0;0;0;0;0;0;0;0;0;1;1;0;0;1;0
2003 38 1;493;025033810946;1;0;0;0;0;0;0;0;0;0;0;0;0;0;0;0;0;0;0;0;0;0;0
2003 38 1;494;025033810151;1;1;0;1;0;0;1;0;0;0;0;0;0;0;0;0;0;1;0;0;0;1;0
2003 38 1;495;025033820555;1;1;1;1;1;0;1;1;0;0;0;0;0;0;0;0;0;1;1;0;0;1;1
2003 38 1;496;025033810140;3;0;0;0;0;0;0;0;0;1;0;0;0;1;0;0;1;0;0;0;0;0;0
2003 38 1;497;025033810332;3;1;0;0;0;0;1;0;0;0;0;0;0;0;0;0;1;1;0;0;0;1;0
2003 38 1;498;025034020404;3;0;0;1;0;0;0;0;0;0;0;0;0;0;0;0;1;1;1;0;0;1;0
2003 38 1;499;025033810288;3;1;0;0;0;0;0;0;0;0;0;0;0;1;0;0;1;0;0;0;0;0;0
2003 38 1;500;025033830164;2;0;0;1;0;0;0;1;0;0;0;1;0;0;0;0;0;0;0;1;0;0;0
2003 38 1;501;025033820210;2;1;0;1;0;0;0;0;0;0;0;1;1;0;0;0;0;0;1;1;0;0;0
2003 38 1;502;025033820104;7;0;0;0;0;1;1;1;0;0;0;0;0;0;0;0;1;0;0;0;0;1;0
2003 38 1;503;025033810220;7;1;0;1;0;0;1;0;0;0;0;0;0;1;0;0;1;1;0;0;0;1;0
2003 38 1;504;025033810460;7;1;0;1;1;0;1;1;0;0;0;0;0;0;0;0;1;1;0;0;0;1;0
2003 38 1;505;025033820101;7;0;0;0;0;1;1;1;0;0;0;0;0;0;0;0;1;0;0;0;0;1;0
2003 38 1;506;025033810037;18;0;0;1;0;0;0;1;1;0;0;0;1;0;0;0;0;0;1;0;0;0;1
2003 38 1;507;025033810851;3;0;0;0;0;0;0;0;0;1;0;0;0;0;0;0;1;0;0;0;0;0;0
2003 38 1;508;025033810228;3;1;0;1;0;0;1;0;0;0;0;0;0;1;0;0;1;1;0;0;0;1;0
2003 38 1;509;025033810192;3;0;0;0;0;0;1;0;0;0;0;0;0;0;0;0;1;1;0;0;0;1;0
2003 38 1;510;025033821067;3;0;0;0;0;0;0;0;0;0;0;0;0;0;0;0;1;0;0;0;0;0;0
2003 38 1;511;025033810360;1;1;0;1;1;0;1;0;0;0;0;0;0;0;0;0;0;1;0;0;0;1;0
2003 38 1;512;025033820624;1;1;1;1;0;1;1;1;0;0;0;0;0;0;0;0;0;1;1;0;0;1;1
2003 38 1;513;025033821186;1;0;0;0;0;0;0;0;0;0;0;0;1;0;0;0;0;0;0;0;0;0;0
2003 38 1;514;025034020153;1;1;0;1;0;0;0;0;0;0;0;0;0;0;0;0;0;1;1;0;0;1;0
2003 38 1;515;025033820404;1;1;0;1;1;0;1;0;0;0;0;0;0;0;0;0;0;1;0;0;0;1;0
2003 38 1;516;025033810189;3;0;0;0;0;0;0;0;0;1;0;0;0;1;0;0;1;0;0;0;0;0;0
2003 38 1;517;025033950204;3;1;0;1;0;0;0;0;0;0;0;0;0;0;0;0;1;1;1;0;0;1;0
2003 38 1;518;025033810293;3;1;0;1;0;0;1;0;0;0;0;0;0;0;0;0;1;1;0;0;0;1;1
2003 38 1;519;025033810005;3;0;0;0;0;0;0;0;0;0;0;0;0;0;0;0;1;0;0;0;0;0;0
2003 38 1;520;025033820238;3;1;1;1;1;0;1;1;0;0;0;0;0;0;0;0;1;1;1;0;1;1;1
2003 38 1;521;025033810096;3;1;0;0;0;0;1;1;1;0;0;0;0;0;0;0;1;1;0;0;0;1;1
2003 38 1;522;025033830190;2;0;0;1;0;0;0;1;0;0;0;1;0;0;0;0;0;0;0;1;0;0;0
2003 38 1;523;025033830161;2;0;0;1;0;0;0;1;0;0;0;1;0;0;0;0;0;0;0;1;0;0;0
2003 38 1;524;025033820111;3;0;0;0;0;0;0;0;0;0;0;0;0;0;0;0;1;0;0;0;0;0;0
2003 38 1;525;025033820505;3;1;0;0;0;0;0;0;0;0;0;0;0;0;0;0;1;0;0;0;0;0;0
2003 38 1;526;025033820434;3;1;0;0;0;0;0;0;0;1;0;0;0;0;0;0;1;0;0;0;0;0;0
2003 38 1;527;025033810572;3;0;0;0;0;0;0;0;0;0;0;0;0;1;0;0;1;0;0;0;0;0;0
2003 38 1;528;025033810022;15;0;0;1;0;0;0;0;0;0;0;0;1;0;0;0;0;0;0;0;0;0;0
2003 38 1;529;025033810024;15;0;0;1;0;0;0;0;0;0;0;0;1;0;0;0;0;0;0;0;0;0;0
2003 38 1;530;025033810263;3;1;0;0;0;0;0;0;0;0;0;0;0;1;0;0;1;0;0;0;0;0;0
2003 38 1;531;025033820790;3;1;1;1;1;0;1;1;0;0;0;0;0;0;0;0;1;1;1;0;0;1;1
2003 38 1;532;025033820965;3;0;0;0;0;0;0;0;0;0;0;0;0;0;0;0;1;1;0;0;0;1;0
2003 38 1;533;025033820547;3;1;0;0;0;0;0;0;0;0;0;0;0;0;0;0;1;0;0;0;0;0;0
2003 38 1;534;025033810316;3;1;0;0;0;0;1;0;0;0;0;0;0;0;0;0;1;1;0;0;0;1;0
2003 38 1;535;025033810692;3;0;0;0;0;0;0;0;0;1;0;0;0;0;0;0;1;0;0;0;0;0;0
2003 38 1;536;025033810445;17;0;0;0;0;0;0;1;0;0;0;0;0;0;0;0;0;0;1;0;0;0;0
2003 38 1;537;025033540184;17;0;0;0;0;0;0;1;0;0;0;0;0;1;0;0;0;0;1;0;0;0;0
2003 38 1;538;025033810328;6;1;0;1;0;0;1;0;0;0;0;0;0;0;0;0;1;1;0;0;0;1;1
2003 38 1;539;025033830608;6;1;0;1;1;1;1;1;1;0;0;0;1;0;1;0;1;1;0;0;0;1;1
2003 38 1;540;025033810982;6;0;0;0;0;0;0;0;0;0;0;0;0;0;0;0;1;0;0;0;0;0;0
2003 38 1;541;025033820823;6;0;1;1;0;0;0;1;0;0;0;0;1;0;0;0;1;0;1;0;0;0;1
2003 38 1;542;025033810563;7;1;0;1;0;0;1;0;0;0;0;0;0;1;0;0;1;1;0;0;0;1;0
2003 38 1;543;025033820097;7;0;0;0;0;1;1;1;0;0;0;0;0;0;0;0;1;0;0;0;0;1;0
2003 38 1;544;025033930127;5;1;0;1;0;0;0;0;0;0;0;0;0;0;0;0;0;1;1;0;0;1;0
2003 38 1;545;025033820280;5;1;0;1;1;0;1;0;0;0;0;0;0;0;0;0;0;1;0;0;0;1;0
2003 38 1;546;025033810446;17;0;0;0;0;0;0;1;0;0;0;0;0;0;0;0;0;0;1;0;0;0;0
2003 38 1;547;025033540188;17;0;0;0;0;0;0;1;0;0;0;0;0;1;0;0;0;0;1;0;0;0;0
2003 38 1;548;025033810258;1;1;0;1;0;0;1;0;0;0;0;0;0;0;0;0;0;1;0;0;0;1;0
2003 38 1;549;025033820266;1;1;0;1;1;0;1;0;0;0;0;0;0;0;0;0;0;1;0;0;0;1;0
2003 38 1;550;025033820419;1;0;0;0;0;0;0;0;0;0;0;0;0;0;0;0;0;0;1;0;0;0;0
2003 38 1;551;025033810678;1;1;0;1;0;1;1;1;0;0;0;0;0;0;0;0;0;1;0;0;0;1;1
2003 38 1;552;025033820955;1;1;0;1;0;0;1;0;0;0;0;0;0;0;0;0;0;1;0;0;0;1;0
2003 38 1;553;025033810432;17;0;0;0;0;0;0;1;0;0;0;0;0;0;0;0;0;0;1;0;0;0;0
2003 38 1;554;025033810442;17;0;0;0;0;0;0;1;0;0;0;0;0;0;0;0;0;0;1;0;0;0;0
2003 38 1;555;025033850321;8;0;0;1;1;0;1;0;0;0;0;0;1;0;0;0;0;1;0;0;1;1;1
2003 38 1;556;025033810125;3;1;0;0;0;0;0;0;0;0;0;0;0;1;0;0;1;0;0;0;0;0;0
2003 38 1;557;025033820910;3;0;0;0;0;0;0;0;0;0;0;0;0;0;0;0;1;0;1;0;0;0;0
2003 38 1;558;025033810095;3;1;0;0;0;0;1;1;1;0;0;0;0;0;0;0;1;1;0;0;0;1;1
2003 38 1;559;025033810601;3;0;0;0;0;0;0;0;0;1;0;0;0;0;0;0;1;0;0;0;0;0;0
2003 38 1;560;025033810354;3;1;0;0;0;0;0;0;0;0;0;0;0;1;0;0;1;0;0;0;0;0;1
2003 38 1;561;025033830171;2;0;0;1;0;0;0;1;0;0;0;1;0;0;0;0;0;0;0;1;0;0;0
2003 38 1;562;025033830178;2;0;0;1;0;0;0;1;0;0;0;1;0;0;0;0;0;0;0;1;0;0;0
2003 38 1;563;025033940040;10;0;0;0;0;0;0;1;0;0;1;0;0;0;0;0;0;0;0;0;0;0;1
2003 38 1;564;025034020154;1;1;0;1;0;0;0;0;0;0;0;0;0;0;0;0;0;1;1;0;0;1;0
2003 38 1;565;025033810466;1;1;0;1;1;1;1;1;0;0;0;0;0;0;0;0;0;1;0;0;0;1;0
2003 38 1;566;025033820174;14;0;0;0;0;0;0;0;0;0;0;0;1;0;0;0;1;0;0;0;0;0;1
2003 38 1;567;025033820170;14;0;0;0;0;0;0;0;0;0;0;0;1;0;0;0;1;0;0;0;0;0;1
2003 38 1;568;025033810217;1;1;0;1;0;0;1;0;0;0;0;0;0;1;0;0;0;1;0;0;0;1;0
2003 38 1;569;025033820463;1;1;1;1;1;0;1;1;0;0;0;0;0;0;0;0;0;1;1;0;0;1;1
2003 38 1;570;025033810187;3;0;0;0;0;0;0;0;0;1;0;0;0;1;0;0;1;0;0;0;0;0;0
2003 38 1;571;025033820520;3;0;0;1;0;0;0;0;0;0;0;0;0;0;0;0;1;0;0;0;0;0;0
2003 38 1;572;025033820597;3;0;0;1;0;0;1;1;0;0;0;0;0;0;0;0;1;1;0;0;0;1;0
2003 38 1;573;025033810155;3;1;0;0;0;0;0;0;0;0;0;0;0;1;0;0;1;0;0;0;0;0;0
2003 38 1;574;025033810266;3;1;0;1;1;0;1;0;0;0;0;0;0;0;0;0;1;1;0;0;0;1;0
2003 38 1;575;025033820136;3;0;0;0;0;0;0;0;0;0;0;0;0;0;0;0;1;0;1;0;0;0;0
2003 38 1;576;025033810589;3;0;0;0;0;0;0;0;0;1;0;0;0;0;0;0;1;0;0;0;0;0;0
2003 38 1;577;025033810164;3;1;0;0;0;0;0;0;0;0;0;0;0;1;0;0;1;0;0;0;0;0;0
2003 38 1;578;025033820596;11;0;0;1;1;0;1;1;1;0;0;0;0;0;0;0;1;1;0;0;0;1;1
2003 38 1;579;025033820663;11;0;0;1;0;0;1;0;0;0;0;0;1;0;0;0;1;1;0;0;0;1;1
2003 38 1;580;025033820409;11;0;0;0;0;0;0;0;0;0;0;0;0;0;0;0;1;0;0;0;0;0;0
2003 38 1;581;025033820847;11;0;0;1;0;1;1;1;0;0;0;0;0;1;0;0;1;1;0;0;0;1;0
2003 38 1;582;025033750029;11;1;1;1;1;0;1;1;0;0;0;0;0;0;0;0;1;1;1;0;1;1;1
2003 38 1;583;025033810626;11;1;0;0;0;1;1;1;0;0;0;0;0;0;0;0;1;0;0;0;0;1;0
2003 38 1;584;025033830198;2;0;0;1;0;0;0;1;0;0;0;1;0;0;0;0;0;0;0;1;0;0;0
2003 38 1;585;025033830184;2;0;0;1;0;0;0;1;0;0;0;1;0;0;0;0;0;0;0;1;0;0;0
2003 38 1;586;025033810178;3;0;0;0;0;0;0;0;0;1;0;0;0;0;0;0;1;0;0;0;0;0;0
2003 38 1;587;025033750159;3;1;0;1;0;0;1;1;0;0;0;0;0;1;0;0;1;1;0;0;0;1;0
2003 38 1;588;025034110243;3;0;0;1;0;0;0;0;0;0;0;0;0;0;0;0;1;1;1;0;0;1;0
2003 38 1;589;025033820986;3;0;0;0;0;0;0;0;0;0;0;0;0;0;0;0;1;0;0;0;0;0;0
2003 38 1;590;025033850389;3;1;0;1;1;1;1;1;1;0;0;0;1;0;1;0;1;1;0;0;0;1;1
2003 38 1;591;025034010138;3;1;0;1;0;0;0;0;0;0;0;0;0;0;0;0;1;1;1;0;0;1;0
2003 38 1;592;025033810001;3;0;0;0;0;0;0;0;0;1;0;0;0;0;0;0;1;0;0;0;0;0;0
2003 38 1;593;025033810294;3;1;0;1;0;0;1;0;0;0;0;0;0;0;0;0;1;1;0;0;0;1;1
2003 38 1;594;025033820968;3;0;0;0;0;0;0;0;0;0;0;0;0;0;0;0;1;1;0;0;0;1;0
2003 38 1;595;025033810262;3;1;0;0;0;0;0;0;0;0;0;0;0;1;0;0;1;0;0;0;0;0;0
2003 38 1;596;025033830160;2;0;0;1;0;0;0;1;0;0;0;1;0;0;0;0;0;0;0;1;0;0;0
2003 38 1;597;025033830201;2;0;0;1;0;0;0;1;0;0;0;1;0;0;0;0;0;0;0;1;0;0;0
2003 38 1;598;025033810545;3;1;0;0;0;0;0;0;0;0;0;0;0;0;0;0;1;0;1;0;0;0;0
2003 38 1;599;025033820656;3;0;0;1;0;0;1;1;0;0;0;0;0;1;0;0;1;1;0;0;0;1;1
2003 38 1;600;025033820987;3;0;0;0;0;0;0;0;0;0;0;0;0;0;0;0;1;0;0;0;0;0;0
2003 38 1;601;025033820524;1;1;1;1;1;0;1;1;0;0;0;0;0;0;0;0;0;1;1;0;0;1;1
2003 38 1;602;025033820934;1;1;0;1;0;0;1;0;0;0;0;0;0;0;0;0;0;1;0;0;0;1;0
2003 38 1;603;025033810964;1;0;0;0;0;0;0;0;0;0;0;0;0;0;0;0;0;0;0;0;0;0;0
2003 38 1;604;025034020425;1;1;0;1;0;0;0;0;0;0;0;0;0;0;0;0;0;1;1;0;0;1;0
2003 38 1;605;025033810468;1;1;0;1;1;1;1;1;0;0;0;0;0;0;0;0;0;1;0;0;0;1;0
2003 38 1;606;025033810295;3;0;0;0;0;0;0;0;0;1;0;0;0;0;0;0;1;0;0;0;0;0;0
2003 38 1;607;025033820912;3;0;0;0;0;0;0;0;0;0;0;0;0;0;0;0;1;0;1;0;0;0;0
2003 38 1;608;025033810336;3;1;0;0;0;0;1;0;0;0;0;0;0;0;0;0;1;1;0;0;0;1;0
2003 38 1;609;025033820876;3;0;0;0;0;0;0;0;0;0;0;0;0;0;0;0;1;0;0;0;0;1;0
2003 38 1;610;025033810044;18;0;0;1;0;0;0;1;1;0;0;0;1;0;0;0;0;0;1;0;0;0;1
2003 38 1;611;025033820252;13;1;1;1;1;0;1;1;0;0;0;0;0;0;0;0;0;1;1;1;0;1;1
2003 38 1;612;025033810186;3;0;0;0;0;0;0;0;0;1;0;0;0;1;0;0;1;0;0;0;0;0;0
2003 38 1;613;025033820971;3;0;0;0;0;0;0;0;0;0;0;0;0;0;0;0;1;1;0;0;0;1;0
2003 38 1;614;025033810290;3;1;0;1;0;0;1;0;0;0;0;0;0;0;0;0;1;1;0;0;0;1;0
2003 38 1;615;025033810278;3;1;0;0;0;0;0;0;0;0;0;0;0;1;0;0;1;0;0;0;0;0;0
2003 38 1;616;025033810914;9;0;0;1;0;0;1;1;0;0;0;0;0;0;0;0;0;1;0;0;0;1;0
2003 38 1;617;025033820937;9;1;0;1;1;0;1;0;0;0;0;0;0;0;0;0;0;1;0;0;0;1;0
2003 38 1;618;025033810984;3;0;0;0;0;0;0;0;0;1;0;0;0;0;0;0;1;0;0;0;0;0;1
2003 38 1;619;025033810161;3;0;0;0;0;0;0;0;0;0;0;0;0;1;0;0;1;0;0;0;0;0;0
2003 38 1;620;025034010141;3;1;0;1;0;0;0;0;0;0;0;0;0;0;0;0;1;1;1;0;0;1;0
2003 38 1;621;025033820985;3;0;0;0;0;0;0;0;0;0;0;0;0;0;0;0;1;0;0;0;0;0;0
2003 38 1;622;025033850308;1;0;0;1;0;1;1;1;0;0;0;0;0;0;0;0;0;1;0;0;1;1;0
2003 38 1;623;025034020136;1;1;0;1;0;0;0;0;0;0;0;0;0;0;0;0;0;1;1;0;0;1;0
2003 38 1;624;025033610844;1;1;0;0;0;0;1;1;0;1;0;0;0;0;0;1;0;0;0;0;0;0;1
2003 38 1;625;025033810902;1;0;0;0;0;0;1;0;0;0;0;0;0;0;0;0;0;0;0;0;0;1;0
2003 38 1;626;025033810465;1;1;0;1;1;1;1;1;0;0;0;0;0;0;0;0;0;1;0;0;0;1;0
2003 38 1;627;025033810049;18;0;0;1;0;0;0;1;1;0;0;0;1;0;0;0;0;0;1;0;0;0;1
2003 38 1;628;025033810352;3;1;0;0;0;0;0;0;0;0;0;0;0;1;0;0;1;0;0;0;0;0;0
2003 38 1;629;025033810148;3;0;0;0;0;0;1;0;0;0;0;0;0;0;0;0;1;1;0;0;0;1;0
2003 38 1;630;025033810523;3;0;0;0;0;0;0;0;0;1;0;0;0;0;0;0;1;0;0;0;0;0;0
2003 38 1;631;025033810314;3;1;0;0;0;0;1;0;0;0;0;0;0;0;0;0;1;1;0;0;0;1;0
2003 38 1;632;025033820165;3;0;0;0;0;0;0;0;0;0;0;0;0;0;0;0;1;0;1;0;0;0;0
2003 38 1;633;025033810309;3;1;0;0;0;0;0;0;0;0;0;0;0;1;0;0;1;0;0;0;0;0;0
2003 38 1;634;025033830193;2;0;0;1;0;0;0;1;0;0;0;1;0;0;0;0;0;0;0;1;0;0;0
2003 38 1;635;025033830208;2;0;0;1;0;0;0;1;0;0;0;1;0;0;0;0;0;0;0;1;0;0;0
2003 38 1;636;025033810337;3;1;0;0;0;0;1;0;0;0;0;0;0;0;0;0;1;1;0;0;0;1;0
2003 38 1;637;025033820816;3;1;1;0;0;0;0;1;0;0;0;0;0;1;0;0;1;0;1;0;0;0;1
2003 38 1;638;025033810179;3;0;0;0;0;0;0;0;0;1;0;0;0;0;0;0;1;0;0;0;0;0;0
2003 38 1;639;025033920475;3;1;0;1;1;1;1;1;1;0;0;0;1;0;1;0;1;1;0;0;0;1;1
2003 38 1;640;025033820896;3;0;0;0;0;0;0;0;0;0;0;0;0;0;0;0;1;0;0;0;0;0;0
2003 38 1;641;025033821063;1;1;0;1;0;0;1;0;0;0;0;0;0;0;0;0;0;1;0;0;0;1;1
2003 38 1;642;025034020151;1;1;0;1;0;0;0;0;0;0;0;0;0;0;0;0;0;1;1;0;0;1;0
2003 38 1;643;025033820386;6;0;0;0;0;0;0;0;0;0;0;0;0;0;0;0;1;0;0;0;0;0;0
2003 38 1;644;025033810647;6;1;0;1;0;1;1;1;0;0;0;0;0;0;0;0;1;1;0;0;0;1;1
2003 38 1;645;025033810651;6;0;0;0;0;0;0;0;0;0;0;0;0;0;0;0;1;0;0;0;0;1;0
2003 38 1;646;025033810330;6;1;0;1;0;0;1;0;0;0;0;0;0;0;0;0;1;1;0;0;0;1;1
2003 38 1;647;025033810931;6;0;0;0;0;0;0;1;0;1;0;0;0;0;0;0;1;0;0;0;0;0;0
2003 38 1;648;025033810356;6;1;0;1;1;0;1;0;0;0;0;0;0;0;0;0;1;1;0;0;0;1;1
2003 38 1;649;025033820822;6;0;0;1;0;0;0;0;0;0;0;0;1;0;0;0;1;0;0;0;0;0;0
2003 38 1;650;025033820542;6;1;1;0;0;0;1;1;0;0;0;0;0;0;0;0;1;0;1;0;0;0;1
2003 38 1;651;025033830202;2;0;0;1;0;0;0;1;0;0;0;1;0;0;0;0;0;0;0;1;0;0;0
2003 38 1;652;025033830170;2;0;0;1;0;0;0;1;0;0;0;1;0;0;0;0;0;0;0;1;0;0;0
2003 38 1;653;025033810191;3;0;0;0;0;0;1;0;0;0;0;0;0;0;0;0;1;1;0;0;0;1;0
2003 38 1;654;025033810158;3;1;0;0;0;0;0;0;0;0;0;0;0;1;0;0;1;0;0;0;0;0;0
2003 38 1;655;025033810086;3;1;0;0;0;0;1;1;1;0;0;0;0;0;0;0;1;1;0;0;0;1;1
2003 38 1;656;025033810184;3;0;0;0;0;0;0;0;0;1;0;0;0;0;0;0;1;0;0;0;0;0;0
2003 38 1;657;025033810478;8;1;0;1;1;1;1;1;0;0;0;0;0;0;0;0;0;1;0;0;0;1;0
2003 38 1;658;025033810919;8;0;0;1;0;0;1;0;0;0;0;0;0;1;0;0;0;1;0;0;0;1;1
2003 38 1;659;025033820801;3;0;0;0;0;0;0;0;0;0;0;0;0;0;0;0;1;0;0;0;0;0;0
2003 38 1;660;025033820776;3;0;1;0;0;0;0;1;0;0;0;0;0;0;0;0;1;0;1;0;0;0;1
2003 38 1;661;025033810130;3;1;0;1;0;0;1;0;0;0;0;0;0;0;0;0;1;1;0;0;0;1;0
2003 38 1;662;025033810983;3;0;0;0;0;0;0;0;0;1;0;0;0;0;0;0;1;0;0;0;0;0;1
2003 38 1;663;025033820208;2;1;0;1;0;0;0;0;0;0;0;1;1;0;0;0;0;0;1;1;0;0;0
2003 38 1;664;025033830203;2;0;0;1;0;0;0;1;0;0;0;1;0;0;0;0;0;0;0;1;0;0;0
2003 38 1;665;025033820949;12;1;0;0;0;0;0;0;0;0;0;0;0;0;0;0;0;0;0;0;0;0;0
2003 38 1;666;025033850307;5;0;0;1;0;1;1;1;0;0;0;0;0;0;0;0;0;1;0;0;1;1;1
2003 38 1;667;025033930126;5;1;0;1;0;0;0;0;0;0;0;0;0;0;0;0;0;1;1;0;0;1;0
2003 38 1;668;025033820784;3;1;0;0;0;0;0;0;0;0;0;0;0;1;0;0;1;0;0;0;0;0;0
2003 38 1;669;025033810196;3;0;0;0;0;0;1;0;0;0;0;0;0;0;0;0;1;1;0;0;0;1;0
2003 38 1;670;025033810357;3;0;0;0;0;0;0;0;0;1;0;0;0;0;0;0;1;0;0;0;0;0;0
2003 38 1;671;025033810325;3;1;0;0;0;0;1;0;0;0;0;0;0;0;0;0;1;1;0;0;0;1;0
2003 38 1;672;025033820783;3;1;0;0;0;0;0;0;0;0;0;0;0;1;0;0;1;0;0;0;0;0;0
2003 38 1;673;025033810052;18;0;0;1;0;0;0;1;1;0;0;0;1;0;0;0;0;0;1;0;0;0;1
2003 38 1;674;025033810045;18;0;0;1;0;0;0;1;1;0;0;0;1;0;0;0;0;0;1;0;0;0;1
2003 38 1;675;025033820737;3;1;0;0;0;0;0;0;0;0;0;0;0;1;0;0;1;0;0;0;0;0;0
2003 38 1;676;025033810121;3;1;0;0;0;0;1;0;0;0;0;0;0;0;0;0;1;1;0;0;0;1;0
2003 38 1;677;025033810358;3;0;0;0;0;0;0;0;0;1;0;0;0;0;0;0;1;0;0;0;0;0;0
2003 38 1;678;025033820738;3;1;0;0;0;0;0;0;0;0;0;0;0;1;0;0;1;0;0;0;0;0;0
2003 38 1;679;025033830199;2;0;0;1;0;0;0;1;0;0;0;1;0;0;0;0;0;0;0;1;0;0;0
2003 38 1;680;025033830177;2;0;0;1;0;0;0;1;0;0;0;1;0;0;0;0;0;0;0;1;0;0;0
2003 38 1;681;025033810204;3;0;0;0;0;0;1;0;0;0;0;0;0;1;0;0;1;1;0;0;0;1;0
2003 38 1;682;025033820464;3;1;1;1;1;0;1;1;0;0;0;0;0;0;0;0;1;1;1;0;0;1;1
2003 38 1;683;025033810302;3;0;0;0;0;0;0;0;0;1;0;0;0;0;0;0;1;0;0;0;0;0;0
2003 38 1;684;025033820828;3;0;0;1;0;0;1;0;0;0;0;0;0;0;0;1;1;1;0;0;0;1;1
2003 38 1;685;025034010143;3;1;0;1;0;0;0;0;0;0;0;0;0;0;0;0;1;1;1;0;0;1;0
2003 38 1;686;025033820730;3;1;0;0;0;0;0;0;0;0;0;0;0;1;0;0;1;0;0;0;0;0;0
2003 38 1;687;025033810941;8;0;0;1;1;0;1;0;0;0;0;0;0;0;0;0;0;1;0;0;1;1;0
2003 38 1;688;025033810329;6;1;0;1;0;0;1;0;0;0;0;0;0;0;0;0;1;1;0;0;0;1;1
2003 38 1;689;025033820894;6;1;0;0;0;0;0;0;0;1;0;0;0;0;0;0;1;0;0;0;0;0;0
2003 38 1;690;025033810026;15;0;0;1;0;0;0;0;0;0;0;0;1;0;0;0;0;0;0;0;0;0;0
2003 38 1;691;025033810021;15;0;0;1;0;0;0;0;0;0;0;0;1;0;0;0;0;0;0;0;0;0;0
2003 38 1;692;025033540189;17;0;0;0;0;0;0;1;0;0;0;0;0;1;0;0;0;0;1;0;0;0;0
2003 38 1;693;025033810451;17;0;0;0;0;0;0;1;0;0;0;0;0;0;0;0;0;0;1;0;0;0;0
2003 38 1;694;025033810071;11;1;0;1;1;0;1;1;0;0;0;0;0;0;0;0;1;1;0;0;0;1;1
2003 38 1;695;025033820845;11;0;0;1;0;1;1;1;0;0;0;0;0;1;0;0;1;1;0;0;0;1;0
2003 38 1;696;025033810599;11;0;0;0;0;0;0;0;0;0;0;0;0;0;0;0;1;0;0;0;0;1;0
2003 38 1;697;025033820040;1;1;1;1;0;0;0;1;0;0;0;0;0;0;0;0;0;0;1;0;0;0;1
2003 38 1;698;025033820222;1;1;0;1;1;0;1;0;0;0;0;0;0;0;0;0;0;1;0;0;0;1;0
2003 38 1;699;025033820777;3;0;0;0;0;0;0;0;0;0;0;0;0;0;0;0;1;0;0;0;0;0;0
2003 38 1;700;025033810315;3;1;0;0;0;0;1;0;0;0;0;0;0;0;0;0;1;1;0;0;0;1;0
2003 38 1;701;025033820118;3;0;0;0;0;0;0;0;0;0;0;0;0;0;0;0;1;0;1;0;0;0;0
2003 38 1;702;025033810227;3;1;0;1;0;0;1;0;0;0;0;0;0;1;0;0;1;1;0;0;0;1;0
2003 38 1;703;025033810317;3;1;0;0;0;0;1;0;0;0;0;0;0;0;0;0;1;1;0;0;0;1;0
2003 38 1;704;025033820113;3;0;0;0;0;0;0;0;0;1;0;0;0;0;0;0;1;0;0;0;0;0;0
2003 38 1;705;025033840364;12;1;0;1;1;1;1;1;1;0;0;0;1;0;1;0;0;1;0;0;0;1;1
2003 38 1;706;025033810223;12;1;0;1;0;0;1;0;0;0;0;0;0;1;0;0;0;1;0;0;0;1;0
2003 38 1;707;025033810950;12;0;0;0;0;0;0;0;0;0;0;0;0;0;0;0;0;0;0;0;0;0;0
2003 38 1;708;025033821027;12;1;0;1;0;0;1;0;0;0;0;0;0;0;0;0;0;1;0;0;0;1;0
2003 38 1;709;025033810463;4;1;0;1;1;0;1;0;0;0;0;0;0;0;0;0;0;1;0;0;0;1;0
2003 38 1;710;025033810935;4;0;0;0;0;0;0;1;0;0;0;0;0;0;0;0;0;0;1;0;0;0;0
2003 38 1;711;025033820692;4;1;0;1;0;0;1;0;0;0;0;0;0;0;0;0;0;1;0;0;0;1;0
2003 38 1;712;025033910055;24;0;0;0;0;0;1;1;0;0;0;0;0;0;0;0;0;0;0;1;0;1;0
2003 38 1;713;025033820433;1;1;1;1;0;0;0;1;0;0;0;0;0;1;0;1;0;0;1;0;0;0;1
2003 38 1;714;025033810913;1;0;0;1;0;0;1;1;0;0;0;0;0;0;0;0;0;1;0;0;0;1;0
2003 38 1;715;025033820156;1;0;0;0;0;0;0;0;0;0;0;0;0;0;0;0;0;0;1;0;0;0;0
2003 38 1;716;025033820791;1;1;0;1;0;0;1;0;0;0;0;0;0;0;0;0;0;1;0;0;0;1;0
2003 38 1;717;025033710565;1;1;0;1;1;0;1;0;0;0;0;0;0;0;0;0;0;1;0;0;1;1;1
2003 38 1;718;025033810444;17;0;0;0;0;0;0;1;0;0;0;0;0;0;0;0;0;0;1;0;0;0;0
2003 38 1;719;025033540181;17;0;0;0;0;0;0;1;0;0;0;0;0;1;0;0;0;0;1;0;0;0;0
2003 38 1;720;025033810441;17;0;0;0;0;0;0;1;0;0;0;0;0;0;0;0;0;0;1;0;0;0;0
2003 38 1;721;025033810102;17;0;1;0;0;0;0;1;0;0;0;0;0;0;0;0;0;0;1;0;0;0;1
2003 38 1;722;025033540185;17;0;0;0;0;0;0;1;0;0;0;0;0;1;0;0;0;0;1;0;0;0;0
2003 38 1;723;025033810664;4;1;0;1;1;0;1;0;0;0;0;0;0;0;0;0;0;1;0;0;0;1;1
2003 38 1;724;025033820206;2;1;0;1;0;0;0;0;0;0;0;1;1;0;0;0;0;0;1;1;0;0;0
2003 38 1;725;025033810163;3;0;0;0;0;0;0;0;0;0;0;0;0;1;0;0;1;0;0;0;0;0;0
2003 38 1;726;025033810090;3;1;0;0;0;0;1;1;1;0;0;0;0;0;0;0;1;1;0;0;0;1;1
2003 38 1;727;025033820004;3;0;0;0;0;0;0;0;0;1;0;0;0;0;0;0;1;0;0;0;0;0;0
2003 38 1;728;025033820800;3;0;0;0;0;0;0;0;0;0;0;0;0;0;0;0;1;0;0;0;0;0;0
2003 38 1;729;025033820746;3;1;0;0;0;0;0;0;0;0;0;0;0;1;0;0;1;0;0;0;0;0;0
2003 38 1;730;025033810462;7;1;0;1;1;1;1;1;0;0;0;0;0;0;0;0;1;1;0;0;0;1;0
2003 38 1;731;025033810146;7;0;0;0;0;0;1;0;0;0;0;0;0;0;0;0;1;1;0;0;0;1;0
2003 38 1;732;025033730185;7;1;0;1;0;0;0;0;0;0;0;0;0;0;0;0;1;1;1;0;0;1;0
2003 38 1;733;025033820107;7;0;0;0;0;1;1;1;0;0;0;0;0;0;0;0;1;0;0;0;0;1;0
2003 38 1;734;025033820459;7;0;0;1;0;0;0;0;0;0;0;0;1;0;0;0;1;0;0;0;0;0;0
2003 38 1;735;025033820088;7;0;0;0;0;1;1;1;0;0;0;0;0;0;0;0;1;0;0;0;0;1;0
2003 38 1;736;025033840551;13;1;1;1;1;0;1;1;0;0;0;0;0;0;0;1;0;1;1;1;0;1;1
2003 38 1;737;025033820115;3;0;0;0;0;0;0;0;0;1;0;0;0;0;0;0;1;0;0;0;0;0;0
2003 38 1;738;025033820571;3;1;0;0;0;0;0;0;0;0;0;0;0;1;0;0;1;0;0;0;0;0;0
2003 38 1;739;025033810970;3;0;0;0;0;0;1;0;0;0;0;0;0;0;0;0;1;0;0;0;0;0;1
2003 38 1;740;025034120245;3;1;0;1;0;0;0;0;0;0;0;0;0;0;0;0;1;1;1;0;0;1;0
2003 38 1;741;025033810333;3;1;0;0;0;0;1;0;0;0;0;0;0;0;0;0;1;1;0;0;0;1;0
2003 38 1;742;025033820705;3;0;0;0;0;0;0;0;0;0;0;0;0;0;0;0;1;0;0;0;0;0;0
2003 38 1;743;025034210093;3;1;0;1;0;0;0;0;0;0;0;0;0;0;0;0;1;1;1;0;0;1;0
2003 38 1;744;025033810338;3;1;0;0;0;0;1;0;0;0;0;0;0;0;0;0;1;1;0;0;0;1;0
2003 38 1;745;025033820002;3;0;0;0;0;0;0;0;0;1;0;0;0;0;0;0;1;0;0;0;0;0;0
2003 38 1;746;025033820186;1;1;0;0;0;0;0;0;0;0;0;0;0;0;0;0;0;0;1;0;0;0;0
2003 38 1;747;025033840351;1;1;0;1;1;1;1;1;1;0;0;0;1;0;1;0;0;1;0;0;0;1;1
2003 38 1;748;025033821013;1;0;0;1;0;0;0;0;0;0;0;0;0;0;0;0;0;1;1;0;0;1;0
2003 38 1;749;025033920029;22;1;0;0;0;0;0;1;0;0;0;0;0;0;0;0;0;0;0;1;0;0;0
2003 38 1;750;025033920032;22;0;0;0;0;0;0;1;0;0;0;0;0;0;0;0;0;0;0;1;0;0;0
2003 38 1;751;025033820933;9;1;0;1;0;0;1;0;0;0;0;0;0;0;0;0;0;1;0;0;0;1;0
2003 38 1;752;025033820696;9;1;1;1;1;0;1;1;0;0;0;0;0;0;0;0;0;1;1;0;0;1;1
2003 38 1;753;025033820001;3;0;0;0;0;0;0;0;0;1;0;0;0;0;0;0;1;0;0;0;0;0;0
2003 38 1;754;025033820548;3;1;0;0;0;0;0;0;0;0;0;0;0;0;0;0;1;0;0;0;0;0;0
2003 38 1;755;025033821081;9;1;0;1;0;0;1;1;0;0;0;0;0;0;0;0;0;1;0;0;0;1;0
2003 38 1;756;025033850183;9;0;0;1;1;0;1;0;0;0;0;0;0;0;0;0;0;1;1;0;1;1;1
2003 38 1;757;025033820758;3;1;0;0;0;0;0;0;0;0;0;0;0;1;0;0;1;0;0;0;0;0;0
2003 38 1;758;025033910024;3;1;0;0;0;0;1;1;0;0;0;0;0;0;0;0;1;0;0;0;0;1;1
2003 38 1;759;025033820875;3;0;0;0;0;0;0;0;0;0;0;0;0;0;0;0;1;0;0;0;0;1;0
2003 38 1;760;025033820753;3;1;0;0;0;0;0;0;0;0;0;0;0;1;0;0;1;0;0;0;0;0;0
2003 38 1;761;025033820837;3;1;1;0;0;0;1;1;0;0;0;0;0;0;0;0;1;1;1;0;0;1;1
2003 38 1;762;025033820467;3;0;0;1;0;0;0;0;0;0;0;0;1;0;0;0;1;0;0;0;0;0;0
2003 38 1;763;025033810320;3;1;0;0;0;0;1;0;0;0;0;0;0;0;0;0;1;1;0;0;0;1;0
2003 38 1;764;025033930121;3;1;0;1;0;0;0;0;0;0;0;0;0;0;0;0;1;1;1;0;0;1;0
2003 38 1;765;025033820679;3;0;0;0;0;0;0;0;0;1;0;0;0;1;0;0;1;0;0;0;0;0;0
2003 38 1;766;025033810489;1;1;0;1;1;1;1;1;0;0;0;0;0;0;0;0;0;1;0;0;0;1;0
2003 38 1;767;025034030114;1;1;0;1;0;0;0;0;0;0;0;0;0;0;0;0;0;1;1;0;0;1;0
2003 38 1;768;025033820586;3;0;0;0;0;0;0;0;0;0;0;0;0;0;0;0;1;0;0;0;0;0;0
2003 38 1;769;025033810098;3;1;0;0;0;0;1;1;1;0;0;0;0;0;0;0;1;1;0;0;0;1;1
2003 38 1;770;025033810324;3;1;0;0;0;0;1;0;0;0;0;0;0;0;0;0;1;1;0;0;0;1;0
2003 38 1;771;025033820003;3;0;0;0;0;0;0;0;0;1;0;0;0;0;0;0;1;0;0;0;0;0;0
2003 38 1;772;025033820392;1;0;0;1;0;0;1;1;0;0;0;0;0;0;0;0;0;1;0;0;0;1;0
2003 38 1;773;025034030115;1;1;0;1;0;0;0;0;0;0;0;0;0;0;0;0;0;1;1;0;0;1;0
2003 38 1;774;025033920028;22;1;0;0;0;0;0;1;0;0;0;0;0;0;0;0;0;0;0;1;0;0;0
2003 38 1;775;025033810020;15;0;0;1;0;0;0;0;0;0;0;0;1;0;0;0;0;0;0;0;0;0;0
2003 38 1;776;025033810018;15;0;0;1;0;0;0;0;0;0;0;0;1;0;0;0;0;0;0;0;0;0;0
2003 38 1;777;025033820114;3;0;0;0;0;0;0;0;0;1;0;0;0;0;0;0;1;0;0;0;0;0;0
2003 38 1;778;025033820838;3;1;1;0;0;0;1;1;0;0;0;0;0;0;0;0;1;1;1;0;0;1;1
2003 38 1;779;025033820372;3;1;0;0;0;0;0;0;0;0;0;0;0;0;0;0;1;0;0;0;0;0;0
2003 38 1;780;025033820644;3;0;0;0;0;0;0;0;0;0;0;0;0;0;0;0;1;0;0;0;0;0;0
2003 38 1;781;025034010238;3;1;0;1;0;0;0;0;0;0;0;0;0;0;0;0;1;1;1;0;0;1;0
2003 38 1;782;025033820570;3;1;0;0;0;0;0;0;0;0;0;0;0;1;0;0;1;0;0;0;0;0;0
2003 38 1;783;025033820119;3;0;0;0;0;0;0;0;0;1;0;0;0;0;0;0;1;0;0;0;0;0;0
2003 38 1;784;025034130244;3;0;0;1;0;0;0;0;0;0;0;0;0;0;0;0;1;1;1;0;0;1;0
2003 38 1;785;025033820742;3;1;0;0;0;0;0;0;0;0;0;0;0;1;0;0;1;0;0;0;0;0;0
2003 38 1;786;025033820265;1;1;0;1;1;0;1;0;0;0;0;0;0;0;0;0;0;1;0;0;0;1;0
2003 38 1;787;025033810038;18;0;0;1;0;0;0;1;1;0;0;0;1;0;0;0;0;0;1;0;0;0;1
2003 38 1;788;025033820799;14;1;0;0;0;0;0;0;0;0;0;0;0;0;0;0;1;0;0;0;0;0;0
2003 38 1;789;025033810482;14;1;0;0;0;0;0;1;0;1;0;0;0;0;0;0;1;0;0;0;0;0;1
2003 38 1;790;025033810940;9;0;0;1;0;0;1;0;0;0;0;0;0;0;0;0;0;1;0;0;0;1;0
2003 38 1;791;025033820472;13;1;1;1;1;1;1;1;0;0;0;0;0;0;0;1;0;1;1;1;0;1;1
2003 38 1;792;025033920021;10;0;0;0;0;0;0;0;0;0;1;0;0;0;0;0;0;0;0;0;0;0;0
2003 38 1;793;025033920023;10;0;0;1;0;0;1;1;0;0;1;0;0;0;0;0;0;1;0;0;0;1;0
2003 38 1;794;025033820752;3;1;0;0;0;0;0;0;0;0;0;0;0;1;0;0;1;0;0;0;0;0;0
2003 38 1;795;025033850319;8;0;0;1;1;0;1;0;0;0;0;0;0;0;0;0;0;1;1;0;1;1;0
2003 38 1;796;025033810917;8;0;0;0;0;1;1;1;0;0;0;0;0;0;0;0;0;0;0;0;0;1;0
2003 38 1;797;025034030188;8;0;0;1;0;0;0;0;0;0;0;0;0;0;0;0;0;1;1;0;0;1;0
2003 38 1;798;025033820669;3;1;0;0;0;0;0;0;0;1;0;0;0;0;0;0;1;0;0;0;0;0;0
2003 38 1;799;025033820870;3;0;0;1;0;0;1;0;0;0;0;0;0;0;0;0;1;1;0;0;0;1;1
2003 38 1;800;025033820731;3;1;0;0;0;0;0;0;0;0;0;0;0;1;0;0;1;0;0;0;0;0;0
2003 38 1;801;025033820795;3;0;1;0;0;0;0;1;0;0;0;0;0;0;0;0;1;0;1;0;0;0;1
2003 38 1;802;025033810212;3;1;0;0;0;0;1;0;0;0;0;0;0;0;0;0;1;1;0;0;0;1;0
2003 38 1;803;025033920477;3;1;0;1;1;1;1;1;1;0;0;0;1;0;1;0;1;1;0;0;0;1;1
2003 38 1;804;025033820116;3;0;0;0;0;0;0;0;0;1;0;0;0;0;0;0;1;0;0;0;0;0;0
2003 38 1;805;025033930117;3;1;0;1;0;0;0;0;0;0;0;0;0;0;0;0;1;1;1;0;0;1;0
2003 38 1;806;025033810697;3;0;0;0;0;0;1;0;0;0;0;0;0;0;0;0;1;0;0;0;0;1;0
2003 38 1;807;025033830166;2;0;0;1;0;0;0;1;0;0;0;1;0;0;0;0;0;0;0;1;0;0;0
2003 38 1;808;025033830204;2;0;0;1;0;0;0;1;0;0;0;1;0;0;0;0;0;0;0;1;0;0;0
2003 38 1;809;025033810448;17;0;0;0;0;0;0;1;0;0;0;0;0;0;0;0;0;0;1;0;0;0;0
2003 38 1;810;025033810521;1;1;0;1;1;0;1;0;0;0;0;0;0;0;0;0;0;1;0;0;0;1;1
2003 38 1;811;025033820792;1;1;0;1;0;0;1;0;0;0;0;0;0;0;0;0;0;1;0;0;0;1;0
2003 38 1;812;025033810945;1;0;0;0;0;0;0;0;0;0;0;0;0;0;0;0;0;0;0;0;0;0;0
2003 38 1;813;025034030116;1;1;0;1;0;0;0;0;0;0;0;0;0;0;0;0;0;1;1;0;0;1;0
2003 38 1;814;025033810926;1;1;0;1;1;0;1;1;0;0;0;0;0;0;0;0;0;1;0;0;0;1;0
2003 38 1;815;025033810915;1;0;0;0;0;0;0;0;0;1;0;0;0;1;0;0;0;0;0;0;0;0;1
2003 38 1;816;025034130197;1;1;0;1;0;0;0;0;0;0;0;0;0;0;0;0;0;1;1;0;0;1;0
2003 38 1;817;025033810842;7;1;0;1;0;1;1;1;0;0;0;0;0;0;0;0;1;1;0;0;0;1;0
2003 38 1;818;025033820583;7;0;0;0;0;0;0;0;0;0;0;0;1;0;0;0;1;0;0;0;0;0;0
2003 38 1;819;025033820466;9;1;1;1;1;0;1;1;0;0;0;0;0;0;0;0;0;1;1;0;0;1;1
2003 38 1;820;025033820082;9;0;0;1;0;1;1;1;0;0;0;0;0;0;0;0;0;1;0;0;1;1;1
2003 38 1;821;025033821041;3;0;0;0;0;0;0;0;0;1;0;0;0;0;0;0;1;0;0;0;0;0;0
2003 38 1;822;025033820755;3;1;0;0;0;0;0;0;0;0;0;0;0;1;0;0;1;0;0;0;0;0;0
2003 38 1;823;025033820474;3;0;0;0;0;0;0;0;0;0;0;0;0;0;0;0;1;0;0;0;0;0;0
2003 38 1;824;025033810546;3;1;0;0;0;0;0;0;0;0;0;0;0;0;0;0;1;0;1;0;0;0;0
2003 38 1;825;025033810092;3;1;0;0;0;0;1;1;1;0;0;0;0;0;0;0;1;1;0;0;0;1;1
2003 38 1;826;025033820536;3;0;0;0;0;0;0;0;0;0;0;0;0;0;0;0;1;0;0;0;0;0;0
2003 38 1;827;025033820489;4;1;1;1;1;1;1;1;0;0;0;0;0;0;0;1;0;1;1;0;0;1;1
2003 38 1;828;025033820502;4;1;0;1;0;0;1;0;0;0;0;0;0;0;0;0;0;1;0;0;0;1;0
2003 38 1;829;025033821040;3;0;0;0;0;0;0;0;0;1;0;0;0;0;0;0;1;0;0;0;0;0;0
2003 38 1;830;025034130245;3;0;0;1;0;0;0;0;0;0;0;0;0;0;0;0;1;1;1;0;0;1;0
2003 38 1;831;025033820739;3;1;0;0;0;0;0;0;0;0;0;0;0;1;0;0;1;0;0;0;0;0;0
2003 38 1;832;025033810707;3;0;0;0;0;1;1;1;0;0;0;0;0;0;0;0;1;0;0;0;0;1;0
2003 38 1;833;025033820475;3;0;0;0;0;0;0;0;0;0;0;0;0;0;0;0;1;0;0;0;0;0;0
2003 38 1;834;025033810334;3;1;0;0;0;0;1;0;0;0;0;0;0;0;0;0;1;1;0;0;0;1;0
2003 38 1;835;025033820736;3;1;0;0;0;0;0;0;0;0;0;0;0;1;0;0;1;0;0;0;0;0;0
2003 38 1;836;025033830195;2;0;0;1;0;0;0;1;0;0;0;1;0;0;0;0;0;0;0;1;0;0;0
2003 38 1;837;025033820219;2;1;0;1;0;0;0;0;0;0;0;1;1;0;0;0;0;0;1;1;0;0;0
2003 38 1;838;025033820839;3;1;0;0;0;0;0;0;0;1;0;0;0;0;0;0;1;0;0;0;0;0;0
2003 38 1;839;025033820473;3;0;0;0;0;0;0;0;0;0;0;0;0;0;0;0;1;0;0;0;0;0;0
2003 38 1;840;025033820735;3;1;0;0;0;0;0;0;0;0;0;0;0;1;0;0;1;0;0;0;0;0;0
2003 38 1;841;025033750083;3;0;0;1;0;0;0;0;0;0;0;0;0;0;0;0;1;1;1;0;0;1;0
2003 38 1;842;025033810321;3;1;0;0;0;0;1;0;0;0;0;0;0;0;0;0;1;1;0;0;0;1;0
2003 38 1;843;025033920683;3;0;0;0;0;0;0;0;0;0;0;0;0;1;0;0;1;0;0;0;0;0;0
2003 38 1;844;025033821043;3;0;0;0;0;0;0;0;0;1;0;0;0;0;0;0;1;0;0;0;0;0;0
2003 38 1;845;025033930118;3;1;0;1;0;0;0;0;0;0;0;0;0;0;0;0;1;1;1;0;0;1;0
2003 38 1;846;025033810252;3;1;0;1;1;0;1;0;0;0;0;0;0;0;0;0;1;1;0;0;0;1;1
2003 38 1;847;025033830924;3;0;0;0;0;0;0;0;0;0;0;0;0;1;0;0;1;0;0;0;0;0;0
2003 38 1;848;025034130198;1;1;0;1;0;0;0;0;0;0;0;0;0;0;0;0;0;1;1;0;0;1;0
2003 38 1;849;025034140239;1;1;0;1;0;0;0;0;0;0;0;0;0;0;0;0;0;1;1;0;0;1;0
2003 38 1;850;025033810963;1;0;0;0;0;0;0;0;0;0;0;0;0;0;0;0;0;0;0;0;0;0;0
2003 38 1;851;025033840350;1;1;0;1;1;1;1;1;1;0;0;0;1;0;1;0;0;1;0;0;0;1;1
2003 38 1;852;025034140238;1;1;0;1;0;0;0;0;0;0;0;0;0;0;0;0;0;1;1;0;0;1;0
2003 38 1;853;025033820554;11;0;0;0;0;0;0;0;0;0;0;0;0;0;0;0;1;0;0;0;0;1;0
2003 38 1;854;025033820846;11;0;0;1;0;1;1;1;0;0;0;0;0;1;0;0;1;1;0;0;0;1;0
2003 38 1;855;025033820940;5;0;0;1;0;0;1;0;0;0;0;0;0;0;0;0;0;1;0;0;0;1;0
2003 38 1;856;025033810949;5;0;0;0;0;0;0;0;0;1;0;0;0;1;0;0;0;0;0;0;0;0;1
2003 38 1;857;025033930125;5;1;0;1;0;0;0;0;0;0;0;0;0;0;0;0;0;1;1;0;0;1;0
2003 38 1;858;025033810364;6;1;0;1;1;0;1;1;0;0;0;0;0;0;0;0;1;1;0;0;1;1;1
2003 38 1;859;025033820176;6;0;0;0;0;0;0;0;0;0;0;0;1;0;0;0;1;0;0;0;0;0;0
2003 38 1;860;025033750594;6;1;0;1;0;1;1;1;0;0;0;0;0;1;0;0;1;1;0;0;0;1;0
2003 38 1;861;025033750606;6;1;0;1;0;0;1;0;0;0;0;0;0;0;0;0;1;1;0;0;0;1;0
2003 38 1;862;025033820895;6;0;1;0;0;0;0;1;0;1;0;0;0;0;0;0;1;0;1;0;0;0;1
2003 38 1;863;025033810608;6;1;0;1;0;0;1;0;0;0;0;0;0;0;0;0;1;1;0;0;0;1;0
2003 38 1;864;025033750592;6;1;0;1;1;0;1;0;0;0;0;0;0;0;0;0;1;1;0;0;0;1;0
2003 38 1;865;025033820401;6;0;0;0;0;0;0;0;0;0;0;0;0;1;0;0;1;0;0;0;0;0;0
2003 38 1;866;025034020155;3;1;0;1;0;0;0;0;0;0;0;0;0;0;0;0;1;1;1;0;0;1;0
2003 38 1;867;025033820452;3;0;0;0;0;0;1;0;0;0;0;0;0;0;0;0;1;0;0;0;0;1;0
2003 38 1;868;025033810172;3;1;0;0;0;0;0;0;0;0;0;0;0;1;0;0;1;0;0;0;0;0;1
2003 38 1;869;025033810631;3;1;0;0;0;0;0;1;0;1;0;0;0;0;0;1;1;0;0;0;0;0;0
2003 38 1;870;025033810017;15;0;0;1;0;0;0;0;0;0;0;0;1;0;0;0;0;0;0;0;0;0;0
2003 38 1;871;025033810023;15;0;0;1;0;0;0;0;0;0;0;0;1;0;0;0;0;0;0;0;0;0;0
2003 38 1;872;025033820733;3;1;0;0;0;0;0;0;0;0;0;0;0;1;0;0;1;0;0;0;0;0;0
2003 38 1;873;025033810267;3;1;0;1;1;0;1;0;0;0;0;0;0;0;0;0;1;1;0;0;0;1;0
2003 38 1;874;025033820595;3;0;1;0;0;0;0;1;0;0;0;0;0;0;0;0;1;0;1;0;0;0;1
2003 38 1;875;025033810214;3;1;0;0;0;0;1;0;0;0;0;0;0;0;0;0;1;1;0;0;0;1;0
2003 38 1;876;025033830183;2;0;0;1;0;0;0;1;0;0;0;1;0;0;0;0;0;0;0;1;0;0;0
2003 38 1;877;025033830205;2;0;0;1;0;0;0;1;0;0;0;1;0;0;0;0;0;0;0;1;0;0;0
2003 38 1;878;025033820545;3;1;0;0;0;0;0;0;0;0;0;0;0;0;0;0;1;0;0;0;0;0;0
2003 38 1;879;025033810275;3;1;0;1;1;1;1;1;0;0;0;0;0;0;0;0;1;1;0;0;0;1;0
2003 38 1;880;025033820929;3;0;0;0;0;0;0;0;0;0;0;0;0;0;0;0;1;0;1;0;0;0;0
2003 38 1;881;025033810099;3;1;0;0;0;0;1;1;1;0;0;0;0;0;0;0;1;1;0;0;0;1;1
2003 38 1;882;025033821042;3;0;0;0;0;0;0;0;0;1;0;0;0;0;0;0;1;0;0;0;0;0;0
2003 38 1;883;025033810498;12;1;0;1;0;0;1;1;0;0;0;0;0;0;0;0;0;1;0;0;0;1;1
2003 38 1;884;025033750783;12;0;0;0;0;0;0;0;0;0;0;0;0;0;0;0;0;0;0;0;0;0;0
2003 38 1;885;025034150204;1;1;0;1;0;0;0;0;0;0;0;0;0;0;0;0;0;1;1;0;0;1;0
2003 38 1;886;025033820535;1;1;0;1;1;1;1;1;0;0;0;0;0;0;0;0;0;1;0;0;0;1;0
2003 38 1;887;025033820172;14;0;0;0;0;0;0;0;0;0;0;0;1;0;0;0;1;0;0;0;0;0;1
2003 38 1;888;025033820445;14;1;1;1;0;0;0;1;0;0;0;0;0;0;0;0;1;0;1;0;0;0;1
2003 38 1;889;025033820923;14;0;0;0;0;0;0;1;0;1;0;0;0;0;0;1;1;0;0;0;0;0;0
2003 38 1;890;025033820161;14;0;0;0;0;0;0;0;0;0;0;0;1;0;0;0;1;0;0;0;0;0;1
2003 38 1;891;025033830173;2;0;0;1;0;0;0;1;0;0;0;1;0;0;0;0;0;0;0;1;0;0;0
2003 38 1;892;025033810921;7;1;0;1;1;1;1;1;0;0;0;0;0;0;0;0;1;1;0;0;0;1;1
2003 38 1;893;025033820103;7;0;0;0;0;1;1;1;0;0;0;0;0;0;0;0;1;0;0;0;0;1;0
2003 38 1;894;025034210131;1;1;0;1;0;0;0;0;0;0;0;0;0;0;0;0;0;1;1;0;0;1;0
2003 38 1;895;025033810520;1;1;0;1;0;0;1;1;0;0;0;0;0;0;0;0;0;1;0;0;0;1;1
2003 38 1;896;025033821131;1;0;0;0;0;0;0;0;0;1;0;0;0;0;0;0;0;0;0;0;0;0;0
2003 38 1;897;025033820229;1;1;1;1;1;1;1;1;0;0;0;0;0;0;0;0;0;1;1;0;1;1;1
2003 38 1;898;025033810565;1;1;0;1;0;0;1;0;0;0;0;0;0;1;0;0;0;1;0;0;0;1;0
2003 38 1;899;025033820091;7;0;0;0;0;1;1;1;0;0;0;0;0;0;0;0;1;0;0;0;0;1;0
2003 38 1;900;025033930132;7;1;0;1;0;0;0;0;0;0;0;0;0;0;0;0;1;1;1;0;0;1;0
2003 38 1;901;025033850387;7;1;0;1;1;1;1;1;1;0;0;0;1;0;1;0;1;1;0;0;0;1;1
2003 38 1;902;025033810947;7;0;0;0;0;0;0;0;0;0;0;0;0;0;0;0;1;0;0;0;0;0;0
2003 38 1;903;025033820588;7;0;0;1;0;0;1;1;0;0;0;0;0;0;0;0;1;1;0;0;0;1;0
2003 38 1;904;025033810923;7;1;0;1;0;1;1;1;0;0;0;0;0;0;0;0;1;1;0;0;0;1;1
2003 38 1;905;025033540192;17;0;0;0;0;0;0;1;0;0;0;0;0;1;0;0;0;0;1;0;0;0;0
2003 38 1;906;025033810433;17;0;0;0;0;0;0;1;0;0;0;0;0;0;0;0;0;0;1;0;0;0;0
2003 38 1;907;025033810353;8;1;0;1;1;0;1;0;0;0;0;0;0;0;0;0;0;1;0;0;0;1;1
2003 38 1;908;025033810240;8;1;0;1;0;1;1;1;0;0;0;0;0;0;0;0;0;1;0;0;0;1;0
2003 38 1;909;025033820908;3;0;0;0;0;0;0;0;0;1;0;0;0;0;0;0;1;0;0;0;0;0;0
2003 38 1;910;025033820802;3;1;1;0;0;0;0;1;0;0;0;0;0;1;0;0;1;0;1;0;0;0;1
2003 38 1;911;025033810193;3;0;0;0;0;0;1;0;0;0;0;0;0;0;0;0;1;1;0;0;0;1;0
2003 38 1;912;025033750021;3;1;0;1;0;0;1;1;0;0;0;0;0;0;0;0;1;1;0;0;0;1;0
2003 38 1;913;025033820748;3;1;0;0;0;0;0;0;0;0;0;0;0;1;0;0;1;0;0;0;0;0;0
2003 38 1;914;025034030186;4;0;0;1;0;0;0;0;0;0;0;0;0;0;0;0;0;1;1;0;0;1;0
2003 38 1;915;025033810474;4;1;0;1;1;1;1;1;0;0;0;0;0;0;0;0;0;1;0;0;0;1;0
2003 38 1;916;025033820762;3;0;0;0;0;0;0;0;0;1;0;0;0;0;0;0;1;0;0;0;0;0;0
2003 38 1;917;025033820904;3;0;0;0;0;0;0;0;0;0;0;0;0;0;0;0;1;0;0;0;0;0;1
2003 38 1;918;025033820729;3;1;0;0;0;0;0;0;0;0;0;0;0;1;0;0;1;0;0;0;0;0;0
2003 38 1;919;025033820471;3;0;0;1;0;0;0;0;0;0;0;0;1;0;0;0;1;0;0;0;0;0;0
2003 38 1;920;025033820544;3;1;0;0;0;0;0;0;0;0;0;0;0;0;0;0;1;0;0;0;0;0;0
2003 38 1;921;025033810091;3;1;0;0;0;0;1;1;1;0;0;0;0;0;0;0;1;1;0;0;0;1;1
2003 38 1;922;025033820763;3;0;0;0;0;0;0;0;0;1;0;0;0;0;0;0;1;0;0;0;0;0;0
2003 38 1;923;025033820465;3;1;1;1;1;0;1;1;0;0;0;0;0;0;0;0;1;1;1;0;0;1;1
2003 38 1;924;025033810312;3;1;0;0;0;0;1;0;0;0;0;0;0;0;0;0;1;1;0;0;0;1;0
2003 38 1;925;025033820495;3;0;0;0;0;0;0;0;0;0;0;0;0;0;0;0;1;0;0;0;0;0;0
2003 38 1;926;025034030118;4;1;0;1;0;0;0;0;0;0;0;0;0;0;0;0;0;1;1;0;0;1;0
2003 38 1;927;025033820634;4;1;0;1;1;1;1;1;0;0;0;0;0;0;0;1;0;1;0;0;0;1;1
2003 38 1;928;025033820907;3;0;0;0;0;0;0;0;0;1;0;0;0;0;0;0;1;0;0;0;0;0;0
2003 38 1;929;025033930123;3;1;0;1;0;0;0;0;0;0;0;0;0;0;0;0;1;1;1;0;0;1;0
2003 38 1;930;025033840600;3;0;0;0;0;0;0;0;0;0;0;0;0;0;0;0;1;0;0;0;0;0;0
2003 38 1;931;025033820734;3;1;0;0;0;0;0;0;0;0;0;0;0;1;0;0;1;0;0;0;0;0;0
2003 38 1;932;025033830114;9;0;0;1;0;1;1;1;0;0;0;0;0;0;0;0;0;1;0;0;1;1;0
2003 38 1;933;025033820704;9;1;0;1;1;0;1;0;0;0;0;0;0;0;0;0;0;1;0;0;0;1;1
2003 38 1;934;025033820672;3;0;0;0;0;0;0;0;0;1;0;0;0;0;0;0;1;0;0;0;0;0;0
2003 38 1;935;025033810074;3;0;0;0;0;0;1;1;0;0;0;0;0;1;0;0;1;0;0;0;0;0;1
2003 38 1;936;025033930115;3;1;0;1;0;0;0;0;0;0;0;0;0;0;0;0;1;1;1;0;0;1;0
2003 38 1;937;025033840587;3;0;0;0;0;0;0;0;0;0;0;0;0;0;0;0;1;0;0;0;0;0;0
2003 38 1;938;025033820728;3;1;0;0;0;0;0;0;0;0;0;0;0;1;0;0;1;0;0;0;0;0;0
2003 38 1;939;025033810088;3;1;0;0;0;0;1;1;1;0;0;0;0;0;0;0;1;1;0;0;0;1;1
2003 38 1;940;025033820673;3;0;0;0;0;0;0;0;0;1;0;0;0;0;0;0;1;0;0;0;0;0;0
2003 38 1;941;025033830533;3;1;1;1;1;0;1;1;0;0;0;0;0;0;0;0;1;1;1;0;0;1;1
2003 38 1;942;025033820732;3;1;0;0;0;0;0;0;0;0;0;0;0;1;0;0;1;0;0;0;0;0;0
2003 38 1;943;025033840585;3;0;0;0;0;0;0;0;0;0;0;0;0;0;0;0;1;0;0;0;0;0;0
2003 38 1;944;025033820205;2;1;0;1;0;0;0;0;0;0;0;1;1;0;0;0;0;0;1;1;0;0;0
2003 38 1;945;025033830174;2;0;0;1;0;0;0;1;0;0;0;1;0;0;0;0;0;0;0;1;0;0;0
2003 38 1;946;025033540183;17;0;0;0;0;0;0;1;0;0;0;0;0;1;0;0;0;0;1;0;0;0;0
2003 38 1;947;025033810452;17;0;0;0;0;0;0;1;0;0;0;0;0;0;0;0;0;0;1;0;0;0;0
2003 38 1;948;025033821087;8;1;0;1;0;0;1;0;0;0;0;0;0;0;0;0;0;1;0;0;0;1;0
2003 38 1;949;025032930195;8;1;0;1;1;0;1;1;0;0;0;0;0;0;0;0;0;1;0;0;0;1;1
2003 38 1;950;025033821169;3;0;0;0;0;0;0;0;0;1;0;0;0;0;0;0;1;0;0;0;0;0;0
2003 38 1;951;025034020156;3;1;0;1;0;0;0;0;0;0;0;0;0;0;0;0;1;1;1;0;0;1;0
2003 38 1;952;025033830509;3;1;0;0;0;0;0;0;0;0;0;0;0;0;0;0;1;0;0;0;0;0;0
2003 38 1;953;025033810962;3;0;0;1;0;1;1;1;0;0;0;0;0;0;0;0;1;1;0;0;0;1;0
2003 38 1;954;025033810241;3;1;0;1;1;0;1;0;0;0;0;0;0;0;0;0;1;1;0;0;0;1;0
2003 38 1;955;025033820749;3;1;0;0;0;0;0;0;0;0;0;0;0;1;0;0;1;0;0;0;0;0;0
2003 38 1;956;025033810039;18;0;0;1;0;0;0;1;1;0;0;0;1;0;0;0;0;0;1;0;0;0;1
2003 38 1;957;025033820017;18;0;0;1;0;0;0;1;1;0;0;0;1;0;0;0;0;0;1;0;0;0;1
2003 38 1;958;025033820857;7;0;0;0;0;0;1;0;0;0;0;0;0;0;0;0;1;0;0;0;0;1;0
2003 38 1;959;025033850322;7;0;0;1;0;1;1;1;0;0;0;0;0;0;0;1;1;1;0;0;1;1;0
2003 38 1;960;025033810307;7;1;0;1;1;0;1;1;0;0;0;0;0;0;0;0;1;1;0;0;0;1;1
2003 38 1;961;025033820102;7;0;0;0;0;1;1;1;0;0;0;0;0;0;0;0;1;0;0;0;0;1;0
2003 38 1;962;025033930130;7;1;0;1;0;0;0;0;0;0;0;0;0;0;0;0;1;1;1;0;0;1;0
2003 38 1;963;025033820090;7;0;0;0;0;1;1;1;0;0;0;0;0;0;0;0;1;0;0;0;0;1;0
2003 38 1;964;025033820781;5;1;0;1;1;0;1;1;0;0;0;0;0;0;0;0;0;1;0;0;0;1;1
2003 38 1;965;025034010254;5;1;0;1;0;0;0;0;0;0;0;0;0;0;0;0;0;1;1;0;0;1;0
2003 38 1;966;025033830892;3;0;0;0;0;0;0;0;0;1;0;0;0;0;0;0;1;0;0;0;0;0;0
2003 38 1;967;025033810279;3;1;0;0;0;0;1;0;0;0;0;0;0;1;0;0;1;1;0;0;0;1;1
2003 38 1;968;025033820462;3;0;0;1;0;0;0;0;0;0;0;0;1;0;0;0;1;0;1;0;0;0;0
2003 38 1;969;025033810335;3;1;0;0;0;0;1;0;0;0;0;0;0;0;0;0;1;1;0;0;0;1;0
2003 38 1;970;025033810282;3;1;0;0;0;0;1;0;0;0;0;0;0;0;0;0;1;1;0;0;0;1;0
2003 38 1;971;025033821132;3;0;0;0;0;0;0;0;0;0;0;0;0;0;0;0;1;0;0;0;0;0;0
2003 38 1;972;025033820740;3;1;0;0;0;0;0;0;0;0;0;0;0;1;0;0;1;0;0;0;0;0;0
2003 38 1;973;025033810194;3;0;0;0;0;0;1;0;0;0;0;0;0;0;0;0;1;1;0;0;0;1;0
2003 38 1;974;025033810547;3;1;0;0;0;0;0;0;0;0;0;0;0;0;0;0;1;0;1;0;0;0;0
2003 38 1;975;025033830194;2;0;0;1;0;0;0;1;0;0;0;1;0;0;0;0;0;0;0;1;0;0;0
2003 38 1;976;025033910232;2;0;0;1;0;0;0;1;0;0;0;1;0;0;0;0;0;0;0;1;0;0;0
2003 38 1;977;025033820202;6;0;0;0;0;0;0;0;0;1;0;0;0;0;0;0;1;0;0;0;0;0;0
2003 38 1;978;025033810704;6;0;0;1;0;0;1;0;0;0;0;0;0;0;0;0;1;1;0;0;0;1;0
2003 38 1;979;025033840361;6;1;0;1;1;1;1;1;1;0;0;0;1;0;1;0;1;1;0;0;1;1;1
2003 38 1;980;025033820069;17;0;0;0;0;0;0;1;0;0;0;0;0;1;0;0;0;0;1;0;0;0;0
2003 38 1;981;025033810129;3;1;0;1;0;0;1;0;0;0;0;0;0;0;0;0;1;1;0;0;0;1;1
2003 38 1;982;025033821117;3;0;0;0;0;0;0;0;0;0;0;0;0;0;0;0;1;0;0;0;0;0;0
2003 38 1;983;025033810229;3;1;0;1;0;0;1;0;0;0;0;0;0;1;0;0;1;1;0;0;0;1;0
2003 38 1;984;025033821162;3;0;0;0;0;0;0;0;0;1;0;0;0;0;0;0;1;0;0;0;0;0;0
2003 38 1;985;025034210228;1;1;0;1;0;0;0;0;0;0;0;0;0;0;0;0;0;1;1;0;0;1;0
2003 38 1;986;025033820629;1;1;0;1;1;1;1;1;0;0;0;0;0;0;0;0;0;1;0;0;0;1;0
2003 38 1;987;025033820368;17;0;0;0;0;0;0;1;0;0;0;0;0;0;0;0;0;0;1;0;0;0;0
2003 38 1;988;025033820076;17;0;0;0;0;0;0;1;0;0;0;0;0;1;0;0;0;0;1;0;0;0;0
2003 38 1;989;025033820364;17;0;0;0;0;0;0;1;0;0;0;0;0;0;0;0;0;0;1;0;0;0;0
2003 38 1;990;025033820338;17;0;0;0;0;0;0;1;0;0;0;0;0;0;0;0;0;0;1;0;0;0;0
2003 38 1;991;025033810481;1;1;0;1;1;0;1;0;0;0;0;0;0;0;0;0;0;1;0;0;0;1;1
2003 38 1;992;025034210130;1;1;0;1;0;0;0;0;0;0;0;0;0;0;0;0;0;1;1;0;0;1;0
2003 38 1;993;025033821111;12;0;0;0;0;0;0;0;0;0;0;0;0;0;0;0;0;0;0;0;0;0;0
2003 38 1;994;025033810966;12;0;0;1;0;0;1;1;0;0;0;0;0;0;0;0;0;1;0;0;0;1;1
2003 38 1;995;025033820695;12;1;1;1;1;0;1;1;0;0;0;0;0;0;0;0;0;1;1;0;0;1;1
2003 38 1;996;025033820902;12;1;0;0;0;0;0;0;0;0;0;0;0;0;0;0;0;0;0;0;0;0;0
2003 38 1;997;025033910210;2;0;0;1;0;0;0;1;0;0;0;1;0;0;0;0;0;0;0;1;0;0;0
2003 38 1;998;025033820207;2;1;0;1;0;0;0;0;0;0;0;1;1;0;0;0;0;0;1;1;0;0;0
2003 38 1;999;025033830927;3;0;0;0;0;0;0;0;0;0;0;0;0;0;0;0;1;0;0;0;0;0;0
2003 38 1;1000;025033810093;3;1;0;0;0;0;1;1;1;0;0;0;0;0;0;0;1;1;0;0;0;1;1
2003 38 1;1001;025033821090;3;1;0;0;0;0;0;0;0;0;0;0;0;1;0;0;1;0;0;0;0;0;0
2003 38 1;1002;025033821171;3;0;0;0;0;0;0;0;0;1;0;0;0;0;0;0;1;0;0;0;0;0;0
2003 38 1;1003;025033821058;3;1;0;0;0;0;1;0;0;0;0;0;0;0;0;0;1;1;0;0;0;1;0
2003 38 1;1004;025033820687;3;1;1;0;0;0;1;1;0;0;0;0;0;0;0;0;1;1;1;0;0;1;1