Date;SeqRank;Ident;Paint Color;HPRC1;HPRC2;HPRC3;HPRC4;HPRC5;LPRC1;LPRC2;LPRC3;LPRC4;LPRC5;LPRC6;LPRC7;LPRC8;LPRC9;LPRC10;LPRC11;LPRC12
2003 38 6;225;048033910168;1;0;1;0;0;0;0;0;0;1;0;0;0;1;0;0;0;0
2003 38 6;226;048033730653;2;1;0;0;1;0;0;0;1;0;0;0;0;0;1;0;0;0
2003 38 6;227;048033810476;2;0;0;0;1;1;0;0;0;0;0;0;0;0;1;0;0;0
2003 38 6;228;048033850062;2;0;1;1;0;0;0;1;0;1;0;0;0;0;1;0;0;0
2003 38 6;229;048033850458;2;0;0;0;1;0;0;0;0;0;0;0;0;0;1;0;0;0
2003 38 6;230;048033820092;3;0;1;1;0;1;1;0;0;1;0;0;0;0;0;0;0;0
2003 38 6;231;048033850218;3;0;0;0;1;0;0;0;1;0;0;0;0;0;0;0;0;0
2003 38 6;232;048033850064;3;1;1;1;0;0;1;1;0;1;0;0;0;0;0;0;0;0
2003 38 6;233;048033810372;3;0;0;0;1;1;0;0;0;0;0;0;1;0;0;0;0;0
2003 38 6;234;048033910181;3;0;1;0;0;0;1;0;0;1;0;0;0;0;0;0;0;0
2003 38 6;235;048033860101;3;0;0;0;1;0;0;0;0;0;0;0;0;0;0;0;0;0
2003 38 6;236;048033810468;3;0;0;0;1;1;0;1;0;1;0;0;0;0;0;0;0;0
2003 38 6;237;048033850377;4;0;0;0;1;0;0;0;0;0;0;0;0;0;0;0;0;0
2003 38 6;238;048033810296;4;0;0;0;1;1;0;0;0;0;0;0;1;0;0;0;0;0
2003 38 6;239;048033850468;4;0;0;0;1;0;0;0;0;0;0;0;0;0;0;0;0;0
2003 38 6;240;048033860133;5;0;0;0;1;0;0;0;0;0;0;0;0;0;0;0;0;0
2003 38 6;241;048033850407;6;0;0;0;1;0;0;0;0;0;0;0;0;0;0;0;1;0
2003 38 6;242;048033840029;6;1;1;1;0;1;1;1;0;1;1;1;0;0;0;0;1;0
2003 39 1;1;048033911021;4;0;0;0;1;0;0;0;0;0;0;0;1;0;0;0;0;0
2003 39 1;2;048033740695;4;0;0;0;1;0;0;0;0;0;0;0;0;0;0;0;0;0
2003 39 1;3;048033860152;4;0;0;0;1;0;0;0;0;0;0;0;0;0;0;0;0;0
2003 39 1;4;048033830070;7;0;1;1;0;1;1;0;0;1;0;0;0;0;0;1;0;0
2003 39 1;5;048033910304;7;0;1;0;0;0;0;1;0;1;0;0;0;0;0;1;0;0
2003 39 1;6;048033860107;8;1;0;0;1;0;0;0;0;0;0;0;0;0;0;0;0;1
2003 39 1;7;048033910102;3;0;1;0;0;0;1;0;1;1;0;0;0;0;0;0;0;0
2003 39 1;8;048033810379;9;0;0;0;1;1;0;0;0;0;0;0;0;0;0;0;0;0
2003 39 1;9;048033910216;9;0;1;0;0;0;1;0;0;1;0;0;0;0;0;0;0;0
2003 39 1;10;048033730674;9;0;0;0;1;0;0;0;0;0;0;0;0;0;0;0;0;0
2003 39 1;11;048033910235;9;0;1;0;0;0;0;1;0;1;0;0;0;0;0;0;0;0
2003 39 1;12;048033810503;9;0;0;1;1;1;0;0;0;0;0;0;0;0;0;0;0;0
2003 39 1;13;048033910101;7;0;1;0;0;0;1;0;1;1;0;0;0;0;0;1;0;0
2003 39 1;14;048033910904;7;0;1;0;0;0;0;0;0;1;0;0;0;0;0;1;0;0
2003 39 1;15;048033860014;10;0;0;0;1;0;0;0;0;0;0;0;1;0;0;0;0;0
2003 39 1;16;048033830106;10;1;1;1;0;1;1;0;0;1;0;0;0;0;0;0;0;0
2003 39 1;17;048033860160;10;0;0;0;1;0;0;0;0;0;0;0;0;0;0;0;0;0
2003 39 1;18;048033910151;10;0;1;0;0;0;0;0;0;1;0;0;0;0;0;0;0;0
2003 39 1;19;048033860155;10;0;0;0;1;0;0;0;0;0;0;0;0;0;0;0;0;0
2003 39 1;20;048033830058;10;0;1;1;0;1;1;1;0;1;0;0;0;0;0;0;0;0
2003 39 1;21;048033911014;10;0;0;0;1;0;0;0;1;0;0;0;0;0;0;0;0;0
2003 39 1;22;048033910150;6;0;1;0;0;0;0;0;0;1;0;0;0;0;0;0;1;0
2003 39 1;23;048033910001;6;0;0;0;1;0;0;0;0;0;0;0;0;0;0;0;1;0
2003 39 1;24;048033911053;6;1;0;0;1;0;0;0;0;0;0;1;1;0;0;0;1;0
2003 39 1;25;048033840003;1;0;1;1;0;1;1;1;0;1;1;1;0;1;0;0;0;0
2003 39 1;26;048033810215;3;0;1;0;0;0;0;0;0;0;0;0;0;0;0;0;0;0
2003 39 1;27;048033730575;3;0;0;0;1;0;0;0;0;0;0;0;0;0;0;0;0;0
2003 39 1;28;048033910103;3;0;1;0;0;0;1;0;1;1;0;0;0;0;0;0;0;0
2003 39 1;29;048033820370;9;1;0;1;1;1;0;0;0;0;0;0;0;0;0;0;0;0
2003 39 1;30;048033910615;11;0;1;0;0;0;0;0;0;0;0;0;0;0;0;0;0;0
2003 39 1;31;048033911069;11;0;0;0;1;0;0;0;0;0;0;0;0;0;0;0;0;0
2003 39 1;32;048033910588;11;0;1;0;0;0;0;0;0;1;0;0;0;0;0;0;0;0
2003 39 1;33;048033911079;11;0;0;0;1;0;0;0;0;0;0;1;1;0;0;0;0;0
2003 39 1;34;048033840012;9;1;1;1;0;1;1;1;0;1;1;1;0;0;0;0;0;0
2003 39 1;35;048033710729;9;0;0;0;1;0;0;0;0;0;0;0;0;0;0;0;0;0
2003 39 1;36;048033740641;9;0;0;0;1;0;0;0;0;0;0;0;0;0;0;0;0;0
2003 39 1;37;048033910286;9;0;1;0;0;0;0;0;0;1;0;0;0;0;0;0;0;0
2003 39 1;38;048033860130;9;0;0;0;1;0;0;0;0;0;0;0;0;0;0;0;0;0
2003 39 1;39;048033840030;9;1;1;1;0;1;1;1;0;1;1;1;0;0;0;0;0;0
2003 39 1;40;048033860085;9;0;0;0;1;0;0;0;1;0;0;0;0;0;0;0;0;0
2003 39 1;41;048033910900;3;0;1;0;0;0;0;0;0;1;0;0;0;0;0;0;0;0
2003 39 1;42;048033910217;3;0;1;0;0;0;1;0;0;0;0;0;0;0;0;0;0;0
2003 39 1;43;048033820672;8;0;0;0;1;1;0;0;0;0;0;0;0;0;0;0;0;1
2003 39 1;44;048033910595;3;0;1;0;0;0;0;0;0;1;0;0;0;0;0;0;0;0
2003 39 1;45;048033911057;3;1;0;1;1;0;0;0;1;0;0;0;0;0;0;0;0;0
2003 39 1;46;048033911077;3;0;1;0;0;0;1;0;0;1;0;0;0;0;0;0;0;0
2003 39 1;47;048033830344;6;0;0;0;1;1;0;0;0;0;0;0;0;0;0;0;1;0
2003 39 1;48;048033910265;6;0;1;0;0;0;1;0;0;1;0;0;0;0;0;0;1;0
2003 39 1;49;048033860110;6;0;0;0;1;0;0;0;0;0;0;0;0;0;0;0;1;0
2003 39 1;50;048033910296;6;1;1;0;0;0;0;0;0;1;0;0;0;0;0;0;1;0
2003 39 1;51;048033860150;6;0;0;0;1;0;0;0;0;0;0;0;1;0;0;0;1;0
2003 39 1;52;048033830089;6;0;1;1;0;1;1;1;1;1;0;0;0;0;0;0;1;0
2003 39 1;53;048033860108;6;0;0;0;1;0;0;0;0;0;0;0;0;0;0;0;1;0
2003 39 1;54;048033520929;3;0;1;0;0;0;0;0;0;1;0;0;0;0;0;0;0;0
2003 39 1;55;048033860126;3;0;0;0;1;0;0;0;0;0;0;0;0;0;0;0;0;0
2003 39 1;56;048033810890;3;1;1;1;0;1;1;0;0;1;0;0;0;0;0;0;0;0
2003 39 1;57;048033860076;3;0;0;0;1;0;0;0;1;0;0;0;0;0;0;0;0;0
2003 39 1;58;048033910432;3;0;1;0;0;0;0;0;0;1;0;0;0;0;0;0;0;0
2003 39 1;59;048033860125;3;0;0;0;1;0;0;0;0;0;0;0;0;0;0;0;0;0
2003 39 1;60;048033910142;3;0;1;0;0;0;1;0;0;1;0;0;0;0;0;0;0;0
2003 39 1;61;048033820064;3;1;1;1;0;1;0;0;0;1;0;0;0;0;0;0;0;0
2003 39 1;62;048033860128;3;0;0;0;1;0;0;0;0;0;0;0;1;0;0;0;0;0
2003 39 1;63;048033910129;3;0;1;0;0;0;1;0;1;1;0;0;0;0;0;0;0;0
2003 39 1;64;048033860092;6;0;0;0;1;0;0;1;0;1;0;0;0;0;0;0;1;0
2003 39 1;65;048033830540;6;0;0;0;1;1;0;0;0;0;0;0;0;0;0;0;1;0
2003 39 1;66;048033830074;6;0;1;1;0;0;0;0;0;1;0;1;0;0;0;0;1;0
2003 39 1;67;048033860131;6;0;0;0;1;0;0;0;0;0;0;0;0;0;0;0;1;0
2003 39 1;68;048033910104;5;0;1;0;0;0;1;0;1;1;0;0;0;0;0;0;0;0
2003 39 1;69;048033710658;5;1;0;0;1;1;0;0;0;0;0;0;0;0;0;0;0;0
2003 39 1;70;048033910248;5;0;1;0;0;0;1;0;0;1;0;0;0;0;0;0;0;0
2003 39 1;71;048033860106;5;0;0;1;1;0;0;0;0;0;0;0;1;0;0;0;0;0
2003 39 1;72;048033910218;5;0;1;0;0;0;0;0;0;1;0;0;0;0;0;0;0;0
2003 39 1;73;048033750482;2;0;0;0;1;0;0;0;0;0;0;0;0;0;1;0;0;0
2003 39 1;74;048033910270;2;1;1;0;0;0;1;0;0;1;0;0;0;0;1;0;0;0
2003 39 1;75;048033820411;2;0;0;1;1;1;0;1;1;1;0;0;0;0;1;0;0;0
2003 39 1;76;048033910598;2;0;1;0;0;0;0;0;0;0;0;0;0;0;1;0;0;0
2003 39 1;77;048033860052;2;0;0;0;1;0;0;0;0;0;0;0;0;0;1;0;0;0
2003 39 1;78;048033910193;1;0;1;0;0;0;1;0;0;1;0;0;0;1;0;0;0;0
2003 39 1;79;048033840382;12;0;0;0;1;1;0;0;0;0;0;0;0;0;0;0;0;0
2003 39 1;80;048033860156;12;0;0;1;1;0;0;0;1;0;0;0;0;0;0;0;0;0
2003 39 1;81;048033910230;3;0;1;0;0;0;1;0;0;1;0;0;0;0;0;0;0;0
2003 39 1;82;048033860117;3;0;0;0;1;0;0;0;0;0;0;0;1;0;0;0;0;0
2003 39 1;83;048033910003;3;1;1;0;0;1;1;1;0;1;1;1;0;0;0;0;0;0
2003 39 1;84;048033910112;3;0;1;0;0;0;0;0;0;1;0;0;0;0;0;0;0;0
2003 39 1;85;048033860154;3;0;0;1;1;0;0;0;1;0;0;0;0;0;0;0;0;0
2003 39 1;86;048033910149;3;0;1;0;0;0;0;0;0;1;0;0;0;0;0;0;0;0
2003 39 1;87;048033860147;3;0;0;0;1;0;0;0;0;0;0;0;0;0;0;0;0;0
2003 39 1;88;048033910232;3;1;1;0;0;0;1;0;0;1;0;0;0;0;0;0;0;0
2003 39 1;89;048033820539;3;0;0;1;1;1;0;0;0;0;0;0;0;0;0;0;0;0
2003 39 1;90;048033910140;3;0;1;0;0;0;1;0;1;1;0;0;0;0;0;0;0;0
2003 39 1;91;048033860119;8;0;0;0;1;0;0;0;0;0;0;0;1;0;0;0;0;1
2003 39 1;92;048033911031;8;0;0;0;1;0;0;0;0;0;0;0;0;0;0;0;0;1
2003 39 1;93;048033840137;1;1;1;0;0;1;1;0;0;1;0;0;0;1;0;0;0;0
2003 39 1;94;048033850048;1;0;1;1;0;0;1;0;0;1;0;0;0;1;0;0;0;0
2003 39 1;95;048033860079;3;0;0;0;1;0;0;0;1;0;0;0;0;0;0;0;0;0
2003 39 1;96;048033910519;3;0;1;0;0;0;0;0;0;1;0;0;0;0;0;0;0;0
2003 39 1;97;048033860096;3;0;0;0;1;0;0;0;0;0;0;0;0;0;0;0;0;0
2003 39 1;98;048033840034;3;1;1;1;0;1;1;1;0;1;1;1;0;0;0;0;0;0
2003 39 1;99;048033860078;3;0;0;0;1;0;0;0;0;0;0;0;1;0;0;0;0;0
2003 39 1;100;048033910114;3;0;1;0;0;0;0;0;0;1;0;0;0;0;0;0;0;0
2003 39 1;101;048033860091;3;0;0;0;1;0;0;0;0;0;0;0;0;0;0;0;0;0
2003 39 1;102;048033830373;3;1;1;0;0;1;1;0;1;1;0;0;0;0;0;0;0;0
2003 39 1;103;048033911060;6;0;0;1;1;0;0;1;0;1;0;0;0;0;0;0;1;0
2003 39 1;104;048033860116;6;0;0;0;1;0;0;0;0;0;0;0;0;0;0;0;1;0
2003 39 1;105;048033910122;6;0;1;0;0;0;1;0;0;1;0;0;0;0;0;0;1;0
2003 39 1;106;048033860112;6;0;0;0;1;0;0;0;0;0;0;0;0;0;0;0;1;0
2003 39 1;107;048033840032;9;1;1;1;0;1;1;1;0;1;1;1;0;0;0;0;0;0
2003 39 1;108;048033860077;9;0;0;0;1;0;0;0;1;0;0;0;0;0;0;0;0;0
2003 39 1;109;048033910431;9;0;1;0;0;0;0;0;0;1;0;0;0;0;0;0;0;0
2003 39 1;110;048033860040;9;0;0;0;1;0;0;0;0;0;0;0;0;0;0;0;0;0
2003 39 1;111;048033830075;9;0;1;1;0;1;1;0;0;1;0;0;0;0;0;0;0;0
2003 39 1;112;048033860054;9;0;0;0;1;0;0;0;0;0;0;0;0;0;0;0;0;0
2003 39 1;113;048033910117;1;0;1;0;0;0;0;0;0;1;0;0;0;1;0;0;0;0
2003 39 1;114;048033910108;1;0;1;0;0;0;1;0;0;0;0;0;0;1;0;0;0;0
2003 39 1;115;048033840421;2;1;0;1;1;1;0;1;1;1;0;0;0;0;1;0;0;0
2003 39 1;116;048033860093;3;0;0;0;1;0;0;0;0;0;0;0;1;0;0;0;0;0
2003 39 1;117;048033910160;3;0;1;0;0;0;1;0;0;1;0;1;0;0;0;0;0;0
2003 39 1;118;048033860037;3;0;0;0;1;0;0;0;0;0;0;0;0;0;0;0;0;0
2003 39 1;119;048033830061;3;0;1;1;0;1;0;0;0;1;0;0;0;0;0;0;0;0
2003 39 1;120;048033860060;3;0;0;0;1;0;0;0;1;0;0;0;0;0;0;0;0;0
2003 39 1;121;048033910242;3;0;1;0;0;0;0;0;0;1;0;0;0;0;0;0;0;0
2003 39 1;122;048033860036;3;0;0;0;1;0;0;0;0;0;0;0;0;0;0;0;0;0
2003 39 1;123;048033840010;9;1;1;1;0;1;1;1;0;1;1;1;0;0;0;0;0;0
2003 39 1;124;048033860041;9;0;0;0;1;0;0;0;0;0;0;0;0;0;0;0;0;0
2003 39 1;125;048033910292;7;0;1;0;0;0;0;0;0;1;0;0;0;0;0;1;0;0
2003 39 1;126;048033910183;7;0;1;0;0;0;1;0;0;1;0;0;0;0;0;1;0;0
2003 39 1;127;048033860080;6;0;0;0;1;0;0;0;1;0;0;0;0;0;0;0;1;0
2003 39 1;128;048033840031;6;1;1;1;0;1;1;1;0;1;1;1;0;0;0;0;1;0
2003 39 1;129;048033860089;6;0;0;0;1;0;0;0;0;0;0;0;1;0;0;0;1;0
2003 39 1;130;048033910274;6;0;1;0;0;0;0;0;0;1;0;0;0;0;0;0;1;0
2003 39 1;131;048033860115;6;0;0;0;1;0;0;0;0;0;0;0;0;0;0;0;1;0
2003 39 1;132;048033820101;6;0;1;1;0;1;1;0;0;1;0;0;0;0;0;0;1;0
2003 39 1;133;048033860109;6;0;0;0;1;0;0;0;0;0;0;0;0;0;0;0;1;0
2003 39 1;134;048033910163;6;1;1;0;0;0;0;0;0;1;0;0;0;0;0;0;1;0
2003 39 1;135;048033911064;6;0;0;0;1;0;0;1;0;0;0;0;0;0;0;0;1;0
2003 39 1;136;048033910085;3;0;1;1;0;0;1;0;1;1;0;0;0;0;0;0;0;0
2003 39 1;137;048033810371;3;0;0;0;1;1;0;0;0;0;0;0;1;0;0;0;0;0
2003 39 1;138;048033910194;3;0;1;0;0;0;0;0;0;1;0;0;0;0;0;0;0;0
2003 39 1;139;048033860039;3;0;0;0;1;0;0;0;0;0;0;0;0;0;0;0;0;0
2003 39 1;140;048033910080;3;0;1;1;0;0;1;0;0;1;0;0;0;0;0;0;0;0
2003 39 1;141;048033840118;3;1;1;0;0;1;0;0;0;1;0;0;0;0;0;0;0;0
2003 39 1;142;048033911063;4;0;0;0;1;0;0;1;0;0;0;0;0;0;0;0;0;0
2003 39 1;143;048033910516;4;0;0;0;1;0;0;0;0;0;0;0;0;0;0;0;0;0
2003 39 1;144;048033910116;1;0;1;0;0;0;0;0;0;1;0;0;0;1;0;0;0;0
2003 39 1;145;048033850197;1;0;1;0;0;1;1;0;0;1;0;0;0;1;0;0;0;0
2003 39 1;146;048033911043;10;0;0;0;1;0;0;0;0;0;0;0;1;0;0;0;0;0
2003 39 1;147;048033911037;10;1;0;1;1;0;0;1;0;1;0;0;0;0;0;0;0;0
2003 39 1;148;048033910617;11;0;1;0;0;0;1;0;1;0;0;0;0;0;0;0;0;0
2003 39 1;149;048033810426;4;0;0;0;1;1;0;0;0;1;0;0;0;0;0;0;0;0
2003 39 1;150;048033910300;7;0;1;0;0;0;1;0;0;0;0;0;0;0;0;1;0;0
2003 39 1;151;048033910271;7;0;1;0;0;0;0;0;0;1;0;0;0;0;0;1;0;0
2003 39 1;152;048033911012;8;1;0;0;1;0;0;0;0;0;0;0;0;0;0;0;0;1
2003 39 1;153;048033840004;5;0;1;1;0;1;1;1;0;1;1;1;0;0;0;0;0;0
2003 39 1;154;048033860143;5;0;0;0;1;0;0;0;1;0;0;0;0;0;0;0;0;0
2003 39 1;155;048033910501;5;0;1;0;0;0;0;0;0;1;0;0;0;0;0;0;0;0
2003 39 1;156;048033911058;10;0;0;0;1;0;0;0;0;0;0;1;1;0;0;0;0;0
2003 39 1;157;048033850051;10;0;1;1;0;0;1;0;0;1;0;0;0;0;0;0;0;0
2003 39 1;158;048033910992;4;1;0;0;1;0;0;0;1;0;0;0;0;0;0;0;0;0
2003 39 1;159;048033820485;4;0;0;0;1;1;0;1;0;1;0;0;0;0;0;0;0;0
2003 39 1;160;048033910357;5;0;1;0;0;0;1;0;0;0;0;0;0;0;0;0;0;0
2003 39 1;161;048033910145;5;0;1;0;0;0;0;0;0;1;0;0;0;0;0;0;0;0
2003 39 1;162;048033860135;5;0;0;0;1;0;0;0;1;0;0;0;0;0;0;0;0;0
2003 39 1;163;048033820107;5;0;1;1;0;1;1;0;0;1;0;0;0;0;0;0;0;0
2003 39 1;164;048033860158;5;0;0;0;1;0;0;0;0;0;0;0;0;0;0;0;0;0
2003 39 1;165;048033910184;5;0;1;0;0;0;0;0;0;1;0;0;0;0;0;0;0;0
2003 39 1;166;048033860082;5;0;0;0;1;0;0;0;1;0;0;0;0;0;0;0;0;0
2003 39 1;167;048033830020;5;1;1;1;0;1;1;1;0;1;1;1;0;0;0;0;0;0
2003 39 1;168;048033860163;5;0;0;0;1;0;0;0;0;0;0;0;1;0;0;0;0;0
2003 39 1;169;048033910144;3;0;1;0;0;0;0;0;0;1;0;0;0;0;0;0;0;0
2003 39 1;170;048033860015;3;0;0;0;1;0;0;0;0;0;0;0;0;0;0;0;0;0
2003 39 1;171;048033910065;3;0;1;1;0;0;1;0;1;1;0;0;0;0;0;0;0;0
2003 39 1;172;048033810252;3;0;0;0;1;1;0;0;0;0;0;0;0;0;0;0;0;0
2003 39 1;173;048033910121;3;1;1;0;0;0;0;0;0;1;0;0;0;0;0;0;0;0
2003 39 1;174;048033860038;3;0;0;0;1;0;0;0;0;0;0;0;0;0;0;0;0;0
2003 39 1;175;048033910261;3;0;1;0;0;0;1;0;0;1;0;0;0;0;0;0;0;0
2003 39 1;176;048033840406;3;0;0;1;1;1;0;1;1;1;0;0;0;0;0;0;0;0
2003 39 1;177;048033910115;3;0;1;0;0;0;0;0;0;1;0;0;0;0;0;0;0;0
2003 39 1;178;048033860142;9;0;0;0;1;0;0;0;0;0;0;0;0;0;0;0;0;0
2003 39 1;179;048033910941;9;1;1;0;0;0;1;0;0;1;0;0;0;0;0;0;0;0
2003 39 1;180;048033860046;9;0;0;1;1;0;0;0;1;0;0;0;0;0;0;0;0;0
2003 39 1;181;048033910637;1;0;1;0;0;0;1;0;0;1;0;1;0;1;0;0;0;0
2003 39 1;182;048033810568;4;0;0;0;1;1;0;0;0;0;0;0;0;0;0;0;0;0
2003 39 1;183;048033910229;3;0;1;0;0;0;0;0;0;0;0;0;0;0;0;0;0;0
2003 39 1;184;048033911035;3;1;0;1;1;0;0;1;0;1;0;0;0;0;0;0;0;0
2003 39 1;185;048033910908;3;0;1;0;0;0;1;0;1;0;0;0;0;0;0;0;0;0
2003 39 1;186;048033820537;3;0;0;0;1;1;0;0;0;1;0;0;0;0;0;0;0;0
2003 39 1;187;048033910273;3;0;1;0;0;0;0;0;0;1;0;0;0;0;0;0;0;0
2003 39 1;188;048033911048;3;0;0;0;1;0;0;0;0;0;0;0;1;0;0;0;0;0
2003 39 1;189;048033910206;3;1;1;0;0;0;1;0;0;1;0;0;0;0;0;0;0;0
2003 39 1;190;048033840412;3;0;0;1;1;1;0;1;1;1;0;0;0;0;0;0;0;0
2003 39 1;191;048033910172;3;0;1;0;0;0;1;0;0;0;0;0;0;0;0;0;0;0
2003 39 1;192;048033910237;3;0;1;0;0;0;0;0;0;1;0;0;0;0;0;0;0;0
2003 39 1;193;048033860084;2;0;0;0;1;0;0;0;1;0;0;0;0;0;1;0;0;0
2003 39 1;194;048033840038;2;1;1;1;0;1;1;1;0;1;1;1;0;0;1;0;0;0
2003 39 1;195;048033860088;6;0;0;0;1;0;0;0;0;0;0;0;0;0;0;0;1;0
2003 39 1;196;048033910266;6;0;1;0;0;0;1;0;0;1;0;0;0;0;0;0;1;0
2003 39 1;197;048033911019;6;0;0;0;1;0;0;0;0;0;0;0;1;0;0;0;1;0
2003 39 1;198;048033910421;7;0;1;0;0;0;0;0;0;0;0;0;0;0;0;1;0;0
2003 39 1;199;048033040125;7;1;1;1;0;1;1;1;0;1;0;0;0;0;0;1;0;0
2003 39 1;200;048033910954;4;0;0;0;1;0;0;0;0;0;0;0;0;0;0;0;0;0
2003 39 1;201;048033910487;4;0;0;0;1;0;0;0;0;0;0;0;0;0;0;0;0;0
2003 39 1;202;048033910260;3;0;1;0;0;0;1;0;0;1;0;0;0;0;0;0;0;0
2003 39 1;203;048033840423;3;0;0;1;1;1;0;1;1;1;0;0;0;0;0;0;0;0
2003 39 1;204;048033910154;3;0;1;0;0;0;0;0;0;0;0;0;0;0;0;0;0;0
2003 39 1;205;048033910169;3;0;1;0;0;0;1;0;0;1;0;0;0;0;0;0;0;0
2003 39 1;206;048033911023;3;0;0;0;1;0;0;0;0;0;0;0;1;0;0;0;0;0
2003 39 1;207;048033840005;3;1;1;1;0;1;1;1;0;1;1;1;0;0;0;0;0;0
2003 39 1;208;048033911029;3;0;0;0;1;0;0;0;0;0;0;0;0;0;0;0;0;0
2003 39 1;209;048033911061;3;0;0;0;1;0;0;0;0;0;0;0;0;0;0;0;0;0
2003 39 1;210;048033910178;3;0;1;0;0;0;1;0;0;1;0;0;0;0;0;0;0;0
2003 39 1;211;048033860141;8;0;0;1;1;0;0;0;1;0;0;0;0;0;0;0;0;1
2003 39 1;212;048033910293;7;1;1;0;0;0;0;0;0;1;0;0;0;0;0;1;0;0
2003 39 1;213;048033910214;7;0;1;0;0;0;1;0;0;1;0;1;0;0;0;1;0;0
2003 39 1;214;048033820538;4;0;0;0;1;1;0;0;0;0;0;0;0;0;0;0;0;0
2003 39 1;215;048033910297;5;0;1;0;0;0;0;0;0;0;0;0;0;0;0;0;0;0
2003 39 1;216;048033860149;5;0;0;0;1;0;0;0;0;0;0;0;1;0;0;0;0;0
2003 39 1;217;048033910174;5;0;1;0;0;0;1;0;1;1;0;0;0;0;0;0;0;0
2003 39 1;218;048033860161;5;0;0;0;1;0;0;0;0;0;0;0;0;0;0;0;0;0
2003 39 1;219;048033840040;6;1;1;1;0;1;1;1;0;1;1;1;0;0;0;0;1;0
2003 39 1;220;048033911030;6;0;0;0;1;0;0;0;0;0;0;0;0;0;0;0;1;0
2003 39 1;221;048033910535;6;0;0;0;1;0;0;0;0;0;0;0;0;0;0;0;1;0
2003 39 1;222;048033910212;6;0;1;0;0;0;1;0;0;1;0;0;0;0;0;0;1;0
2003 39 1;223;048033840362;6;0;0;0;1;1;0;0;0;0;0;0;0;0;0;0;1;0
2003 39 1;224;048033910013;6;0;1;1;0;0;0;1;0;1;0;1;0;0;0;0;1;0
2003 39 1;225;048033910884;6;0;0;0;1;0;0;0;0;0;0;0;0;0;0;0;1;0
2003 39 1;226;048033860043;6;1;1;0;0;0;1;0;0;1;0;0;0;0;0;0;1;0
2003 39 1;227;048033910509;4;0;0;0;1;0;0;0;0;0;0;0;0;0;0;0;0;0
2003 39 1;228;048033720055;5;0;1;1;0;1;0;0;0;1;0;0;0;0;0;0;0;0
2003 39 1;229;048033860090;5;0;0;0;1;0;0;0;0;0;0;0;1;0;0;0;0;0
2003 39 1;230;048033910647;5;0;1;0;0;0;1;0;1;1;0;0;0;0;0;0;0;0
2003 39 1;231;048033860113;5;0;0;0;1;0;0;0;0;0;0;0;0;0;0;0;0;0
2003 39 1;232;048033840046;1;1;1;1;0;1;1;1;0;1;1;1;0;1;0;0;0;0
2003 39 1;233;048033910118;1;0;1;0;0;0;0;0;0;1;0;0;0;1;0;0;0;0
2003 39 1;234;048033911028;2;0;0;0;1;0;0;0;0;0;0;0;0;0;1;0;0;0
2003 39 1;235;048033910648;2;0;1;0;0;0;1;0;1;0;0;0;0;0;1;0;0;0
2003 39 1;236;048033860159;2;0;0;0;1;0;0;0;0;0;0;0;1;0;1;0;0;0
2003 39 1;237;048033830076;2;0;1;1;0;1;1;0;0;1;0;0;0;0;1;0;0;0
2003 39 1;238;048033910912;2;1;0;0;1;0;0;0;0;0;0;0;0;0;1;0;0;0
2003 39 1;239;048033910255;5;0;1;0;0;0;1;0;0;1;0;1;0;0;0;0;0;0
2003 39 1;240;048033860139;5;0;0;0;1;0;0;0;0;0;0;0;0;0;0;0;0;0
2003 39 1;241;048033820104;5;0;1;1;0;1;0;0;0;1;0;0;0;0;0;0;0;0
2003 39 1;242;048033860081;5;0;0;0;1;0;0;0;1;0;0;0;0;0;0;0;0;0
2003 39 1;243;048033910253;6;0;1;0;0;0;1;0;0;0;0;0;0;0;0;0;1;0
2003 39 1;244;048033910120;6;1;1;0;0;0;0;0;0;1;0;0;0;0;0;0;1;0
2003 39 1;245;048033910955;6;0;0;0;1;0;0;0;0;0;0;0;1;0;0;0;1;0
2003 39 1;246;048033920082;6;0;1;1;0;1;1;0;0;1;0;0;0;0;0;0;1;0
2003 39 1;247;048033860124;6;0;0;0;1;0;0;1;0;0;0;0;0;0;0;0;1;0
2003 39 1;248;048033910640;3;0;1;0;0;0;1;0;1;1;0;0;0;0;0;0;0;0
2003 39 1;249;048033860132;3;0;0;0;1;0;0;0;0;0;0;0;0;0;0;0;0;0
2003 39 1;250;048033910017;3;1;1;1;0;0;1;0;0;1;0;1;0;0;0;0;0;0
2003 39 1;251;048033810420;9;0;0;0;1;1;0;0;0;0;0;0;0;0;0;0;0;0
2003 39 1;252;048033910267;7;0;1;0;0;0;0;0;0;1;0;0;0;0;0;1;0;0
2003 39 1;253;048033911010;8;0;0;0;1;0;0;0;0;0;0;0;1;0;0;0;0;1
2003 39 1;254;048033910948;8;0;0;0;1;0;0;0;1;0;0;0;0;0;0;0;0;1
2003 39 1;255;048033840011;1;1;1;1;0;1;1;1;0;1;1;1;0;1;0;0;0;0
2003 39 1;256;048033850180;1;0;1;0;0;0;1;0;0;1;0;0;0;1;0;0;0;0
2003 39 1;257;048033910277;6;0;0;0;1;0;0;0;0;0;0;0;0;0;0;0;1;0
2003 39 1;258;048033910916;6;0;1;0;0;0;0;0;0;0;0;0;0;0;0;0;1;0
2003 39 1;259;048033810393;4;0;0;0;1;1;0;1;0;1;0;0;0;0;0;0;0;0
2003 39 1;260;048033911006;4;0;0;0;1;0;0;0;1;0;0;0;0;0;0;0;0;0
2003 39 1;261;048033910083;11;0;1;1;0;0;0;0;0;1;0;0;0;0;0;0;0;0
2003 39 1;262;048033911051;11;0;0;0;1;0;0;0;0;0;0;0;1;0;0;0;0;0
2003 39 1;263;048033910173;11;0;1;0;0;0;1;0;0;0;0;0;0;0;0;0;0;0
2003 39 1;264;048033710622;6;1;0;0;1;1;0;1;0;1;0;0;0;0;0;0;1;0
2003 39 1;265;048033910335;6;0;1;0;0;0;0;0;0;0;0;0;0;0;0;0;1;0
2003 39 1;266;048033911049;6;0;0;0;1;0;0;0;0;0;0;0;0;0;0;0;1;0
2003 39 1;267;048033910068;6;0;1;1;0;0;1;0;1;1;0;0;0;0;0;0;1;0
2003 39 1;268;048033830350;5;0;0;0;1;1;0;0;0;0;0;0;0;0;0;0;0;0
2003 39 1;269;048033910015;5;0;1;0;0;0;0;0;0;1;0;1;0;0;0;0;0;0
2003 39 1;270;048033860013;5;0;0;0;1;0;0;0;0;0;0;0;1;0;0;0;0;0
2003 39 1;271;048033910649;5;0;1;0;0;0;1;0;1;0;0;0;0;0;0;0;0;0
2003 39 1;272;048033820077;5;0;1;1;0;1;0;1;0;1;0;0;0;0;0;0;0;0
2003 39 1;273;048033911011;8;1;0;0;1;0;0;0;0;0;0;0;0;0;0;0;0;1
2003 39 1;274;048033910231;3;0;1;0;0;0;0;0;0;1;0;0;0;0;0;0;0;0
2003 39 1;275;048033860086;3;0;0;0;1;0;0;0;0;0;0;0;0;0;0;0;0;0
2003 39 1;276;048033820063;3;0;1;1;0;1;1;0;0;1;0;0;0;0;0;0;0;0
2003 39 1;277;048033860062;3;0;0;0;1;0;0;0;1;0;0;0;0;0;0;0;0;0
2003 39 1;278;048033910306;5;1;1;0;0;0;0;0;0;1;0;0;0;0;0;0;0;0
2003 39 1;279;048033910999;5;0;0;0;1;0;0;0;0;0;0;0;1;0;0;0;0;0
2003 39 1;280;048033810081;5;0;1;1;0;1;1;0;0;1;0;0;0;0;0;0;0;0
2003 39 1;281;048034230083;5;0;0;0;1;0;0;0;0;0;0;0;0;0;0;0;0;0
2003 39 1;282;048033910204;5;0;1;0;0;0;0;0;0;1;0;0;0;0;0;0;0;0
2003 39 1;283;048033860057;5;0;0;0;1;0;0;0;1;0;0;0;0;0;0;0;0;0
2003 39 1;284;048033910082;5;0;1;1;0;0;1;0;0;1;0;0;0;0;0;0;0;0
2003 39 1;285;048033810422;4;0;0;0;1;1;0;1;0;0;0;0;0;0;0;0;0;0
2003 39 1;286;048033910124;10;1;1;0;0;0;0;0;0;1;0;0;0;0;0;0;0;0
2003 39 1;287;048033911027;10;0;0;0;1;0;0;0;0;0;0;0;1;0;0;0;0;0
2003 39 1;288;048033730636;10;0;0;1;1;0;0;0;1;0;0;0;0;0;0;0;0;0
2003 39 1;289;048033910139;2;0;1;0;0;0;1;0;0;1;0;0;0;0;1;0;0;0
2003 39 1;290;048033810376;2;0;0;0;1;1;0;0;0;0;0;0;0;0;1;0;0;0
2003 39 1;291;048033910188;3;0;1;0;0;0;0;0;0;1;0;0;0;0;0;0;0;0
2003 39 1;292;048033911033;3;1;0;1;1;0;0;1;0;1;0;0;0;0;0;0;0;0
2003 39 1;293;048033910128;3;0;1;0;0;0;1;0;0;1;0;0;0;0;0;0;0;0
2003 39 1;294;048033860059;3;0;0;0;1;0;0;0;1;0;0;0;0;0;0;0;0;0
2003 39 1;295;048033850147;6;0;1;0;0;1;1;0;0;1;0;1;0;0;0;0;1;0
2003 39 1;296;048033911055;6;0;0;0;1;0;0;0;0;0;0;0;0;0;0;0;1;0
2003 39 1;297;048033910170;6;0;1;0;0;0;0;0;0;1;0;0;0;0;0;0;1;0
2003 39 1;298;048033860120;9;0;0;0;1;0;0;0;0;0;0;0;0;0;0;0;0;0
2003 39 1;299;048033920023;9;1;1;0;0;1;1;1;0;1;1;1;0;0;0;0;0;0
2003 39 1;300;048033910957;12;0;0;1;1;0;0;0;1;0;0;0;0;0;0;0;0;0
2003 39 1;301;048033910951;12;0;0;0;1;0;0;0;0;0;0;0;1;0;0;0;0;0
2003 39 1;302;048033910597;7;0;1;0;0;0;0;0;0;1;0;0;0;0;0;1;0;0
2003 39 1;303;048033860094;10;0;0;0;1;0;0;0;0;0;0;0;0;0;0;0;0;0
2003 39 1;304;048033810069;10;1;1;1;0;1;1;1;0;1;0;0;0;0;0;0;0;0
2003 39 1;305;048033860087;10;0;0;0;1;0;0;0;0;0;0;0;0;0;0;0;0;0
2003 39 1;306;048033910239;10;0;1;0;0;0;1;0;0;1;0;0;0;0;0;0;0;0
2003 39 1;307;048033911018;10;0;0;0;1;0;0;0;1;0;0;0;0;0;0;0;0;0
2003 39 1;308;048033910089;10;0;1;1;0;0;0;0;0;1;0;0;0;0;0;0;0;0
2003 39 1;309;048033910544;10;0;0;0;1;0;0;0;0;0;0;0;0;0;0;0;0;0
2003 39 1;310;048033920003;6;1;1;0;0;1;0;1;0;1;1;1;0;0;0;0;1;0
2003 39 1;311;048033910303;6;0;0;0;1;0;0;0;0;0;0;0;1;0;0;0;1;0
2003 39 1;312;048033910064;6;0;1;1;0;0;1;0;1;1;0;0;0;0;0;0;1;0
2003 39 1;313;048033910966;6;0;0;0;1;0;0;0;0;0;0;0;0;0;0;0;1;0
2003 39 1;314;048033910380;11;0;1;0;0;0;0;0;0;1;0;0;0;0;0;0;0;0
2003 39 1;315;048033910475;11;1;0;0;1;0;0;0;0;0;0;0;0;0;0;0;0;0
2003 39 1;316;048033810070;1;0;1;1;0;1;0;0;0;1;0;0;0;1;0;0;0;0
2003 39 1;317;048033911017;3;0;0;0;1;0;0;0;1;0;0;0;0;0;0;0;0;0
2003 39 1;318;048033910252;3;0;1;0;0;0;1;0;0;1;0;0;0;0;0;0;0;0
2003 39 1;319;048033911026;3;0;0;0;1;0;0;0;0;0;0;0;1;0;0;0;0;0
2003 39 1;320;048033840018;3;1;1;1;0;1;1;1;0;1;1;1;0;0;0;0;0;0
2003 39 1;321;048033910113;3;0;1;0;0;0;0;0;0;1;0;0;0;0;0;0;0;0
2003 39 1;322;048033810621;3;0;0;0;1;0;0;0;0;0;0;0;0;0;0;0;0;0
2003 39 1;323;048033910287;3;0;1;0;0;0;0;0;0;0;0;0;0;0;0;0;0;0
2003 39 1;324;048033830349;3;0;0;1;1;1;0;0;1;1;0;0;0;0;0;0;0;0
2003 39 1;325;048033910356;3;0;1;0;0;0;1;0;0;0;0;0;0;0;0;0;0;0
2003 39 1;326;048033910566;3;0;0;0;1;0;0;0;0;0;0;0;0;0;0;0;0;0
2003 39 1;327;048033910187;7;0;1;0;0;0;0;0;0;1;0;0;0;0;0;1;0;0
2003 39 1;328;048033840027;7;1;1;1;0;1;1;1;0;1;1;1;0;0;0;1;0;0
2003 39 1;329;048033911015;3;0;0;0;1;0;0;0;1;0;0;0;0;0;0;0;0;0
2003 39 1;330;048033910886;3;0;1;0;0;0;0;0;0;1;0;0;0;0;0;0;0;0
2003 39 1;331;048033911044;3;0;0;0;1;0;0;0;0;0;0;0;1;0;0;0;0;0
2003 39 1;332;048033830112;3;0;1;1;0;1;1;0;0;1;0;0;0;0;0;0;0;0
2003 39 1;333;048033910503;3;0;0;0;1;0;0;0;0;0;0;0;0;0;0;0;0;0
2003 39 1;334;048033910207;3;0;1;0;0;0;0;0;0;1;0;0;0;0;0;0;0;0
2003 39 1;335;048033910962;3;0;0;0;1;0;0;0;1;0;0;0;0;0;0;0;0;0
2003 39 1;336;048033840007;1;1;1;1;0;1;1;1;0;1;1;1;0;1;0;0;0;0
2003 39 1;337;048033911041;11;0;0;0;1;0;0;0;0;0;0;0;0;0;0;0;0;0
2003 39 1;338;048033910609;11;0;1;0;0;0;0;0;0;0;0;0;0;0;0;0;0;0
2003 39 1;339;048033910636;11;0;1;0;0;0;0;0;0;0;0;0;0;0;0;0;0;0
2003 39 1;340;048033910984;11;0;0;0;1;0;0;0;0;0;0;0;1;0;0;0;0;0
2003 39 1;341;048033840041;9;1;1;1;0;1;0;1;0;1;1;1;0;0;0;0;0;0
2003 39 1;342;048033910381;3;0;0;0;1;0;0;0;0;0;0;0;0;0;0;0;0;0
2003 39 1;343;048033910179;3;0;1;0;0;0;1;0;0;1;0;0;0;0;0;0;0;0
2003 39 1;344;048033910483;3;0;0;0;1;0;0;0;0;0;0;0;0;0;0;0;0;0
2003 39 1;345;048033910056;3;0;1;1;0;0;0;0;0;0;0;0;0;0;0;0;0;0
2003 39 1;346;048033840229;3;1;1;0;0;1;1;0;1;1;0;0;0;0;0;0;0;0
2003 39 1;347;048033910474;3;0;0;0;1;0;0;0;0;0;0;0;0;0;0;0;0;0
2003 39 1;348;048033910171;3;0;1;0;0;0;0;0;0;1;0;0;0;0;0;0;0;0
2003 39 1;349;048033911040;10;0;0;0;1;0;0;0;0;0;0;0;0;0;0;0;0;0
2003 39 1;350;048033840028;10;0;1;1;0;1;1;1;0;1;1;1;0;0;0;0;0;0
2003 39 1;351;048033910608;10;0;0;0;1;0;0;0;0;0;0;0;1;0;0;0;0;0
2003 39 1;352;048033830281;3;0;1;0;0;0;0;0;0;1;0;0;0;0;0;0;0;0
2003 39 1;353;048033910995;3;0;0;0;1;0;0;0;1;0;0;0;0;0;0;0;0;0
2003 39 1;354;048033820070;1;1;1;1;0;1;1;0;0;1;0;0;0;1;0;0;0;0
2003 39 1;355;048033910395;2;0;0;0;1;0;0;0;0;0;0;0;0;0;1;0;0;0
2003 39 1;356;048033910899;2;0;1;0;0;0;0;0;0;1;0;0;0;0;1;0;0;0
2003 39 1;357;048033860103;12;0;0;0;1;0;0;0;0;0;0;0;0;0;0;0;0;0
2003 39 1;358;048033830382;12;0;0;1;1;1;0;1;1;1;0;0;0;0;0;0;0;0
2003 39 1;359;048033910378;6;1;1;0;0;0;1;0;0;1;0;1;0;0;0;0;1;0
2003 39 1;360;048033810423;6;0;0;0;1;0;0;0;0;0;0;0;1;0;0;0;1;0
2003 39 1;361;048033910582;3;0;1;0;0;0;0;0;0;1;0;0;0;0;0;0;0;0
2003 39 1;362;048033830114;3;0;1;1;0;1;1;0;0;1;0;0;0;0;0;0;0;0
2003 39 1;363;048033910497;3;0;0;0;1;0;0;0;0;0;0;0;0;0;0;0;0;0
2003 39 1;364;048033910111;3;1;1;0;0;0;0;0;0;1;0;0;0;0;0;0;0;0
2003 39 1;365;048033910971;3;0;0;0;1;0;0;0;1;0;0;0;0;0;0;0;0;0
2003 39 1;366;048033910019;3;0;1;1;0;0;1;0;0;1;0;1;0;0;0;0;0;0
2003 39 1;367;048033830494;12;0;0;0;1;1;0;0;0;0;0;0;0;0;0;0;0;0
2003 39 1;368;048033910983;3;0;1;0;0;0;0;0;0;0;0;0;0;0;0;0;0;0
2003 39 1;369;048033910240;3;1;1;0;0;0;1;0;0;1;0;0;0;0;0;0;0;0
2003 39 1;370;048033910553;3;0;0;0;1;0;0;0;0;0;0;0;0;0;0;0;0;0
2003 39 1;371;048033830108;3;0;1;1;0;1;0;1;0;1;0;0;0;0;0;0;0;0
2003 39 1;372;048033910956;3;0;0;0;1;0;0;0;1;0;0;0;0;0;0;0;0;0
2003 39 1;373;048033910920;3;0;1;0;0;0;1;0;0;1;0;1;0;0;0;0;0;0
2003 39 1;374;048033910998;3;0;0;0;1;0;0;0;0;0;0;0;1;0;0;0;0;0
2003 39 1;375;048033820100;3;1;1;1;0;1;1;0;0;1;0;0;0;0;0;0;0;0
2003 39 1;376;048033910389;3;0;0;0;1;0;0;0;0;0;0;0;0;0;0;0;0;0
2003 39 1;377;048033910190;5;0;1;0;0;0;0;0;0;1;0;0;0;0;0;0;0;0
2003 39 1;378;048033910315;5;0;1;0;0;0;1;0;0;0;0;0;0;0;0;0;0;0
2003 39 1;379;048033750514;5;0;0;1;1;0;0;0;1;0;0;0;0;0;0;0;0;0
2003 39 1;380;048033910199;5;0;1;0;0;0;0;0;0;1;0;0;0;0;0;0;0;0
2003 39 1;381;048033840410;5;0;0;0;1;1;0;0;0;0;0;0;0;0;0;0;0;0
2003 39 1;382;048033910236;5;1;1;0;0;0;1;0;0;1;0;1;0;0;0;0;0;0
2003 39 1;383;048033860145;5;0;0;1;1;0;0;0;1;0;0;0;0;0;0;0;0;0
2003 39 1;384;048033910375;5;0;1;0;0;0;0;0;0;0;0;0;0;0;0;0;0;0
2003 39 1;385;048033820759;5;0;0;0;1;1;0;0;0;1;0;0;1;0;0;0;0;0
2003 39 1;386;048033910165;5;0;1;0;0;0;1;0;0;0;0;0;0;0;0;0;0;0
2003 39 1;387;048033911039;10;1;0;1;1;0;0;1;0;1;0;0;0;0;0;0;0;0
2003 39 1;388;048033910047;11;0;1;0;0;0;0;0;0;0;0;0;0;0;0;0;0;0
2003 39 1;389;048033820673;9;0;0;0;1;1;0;0;0;0;0;0;0;0;0;0;0;0
2003 39 1;390;048033910157;7;0;1;0;0;0;1;0;0;1;0;1;0;0;0;1;0;0
2003 39 1;391;048033860162;8;0;0;1;1;0;0;0;0;0;0;0;0;0;0;0;0;1
2003 39 1;392;048033910554;8;0;0;0;1;0;0;0;0;0;0;0;0;0;0;0;0;1
2003 39 1;393;048033910251;3;0;1;0;0;0;1;0;0;1;0;0;0;0;0;0;0;0
2003 39 1;394;048033910996;3;0;0;0;1;0;0;0;0;0;0;0;1;0;0;0;0;0
2003 39 1;395;048033430177;3;1;1;1;0;1;1;0;1;1;0;0;0;0;0;0;0;0
2003 39 1;396;048033910605;3;0;0;0;1;0;0;0;0;0;0;0;0;0;0;0;0;0
2003 39 1;397;048033740265;3;0;1;0;0;0;0;0;0;1;0;0;0;0;0;0;0;0
2003 39 1;398;048033910361;3;0;0;0;1;0;0;0;0;0;0;0;0;0;0;0;0;0
2003 39 1;399;048033910627;3;0;1;0;0;0;1;0;1;1;0;0;0;0;0;0;0;0
2003 39 1;400;048033820026;1;1;1;1;0;1;0;1;0;1;1;1;0;1;0;0;0;0
2003 39 1;401;048033911042;3;0;0;0;1;0;0;0;0;0;0;0;0;0;0;0;0;0
2003 39 1;402;048033910227;3;0;1;0;0;0;1;0;0;1;0;0;0;0;0;0;0;0
2003 39 1;403;048033910921;3;0;0;0;1;0;0;0;0;0;0;0;1;0;0;0;0;0
2003 39 1;404;048033910088;3;0;1;1;0;0;0;0;0;1;0;0;0;0;0;0;0;0
2003 39 1;405;048033710676;3;1;0;0;1;1;0;0;0;0;0;0;0;0;0;0;0;0
2003 39 1;406;048033910313;3;0;1;0;0;0;1;0;0;1;0;0;0;0;0;0;0;0
2003 39 1;407;048033911059;3;0;0;0;1;0;0;0;0;0;0;0;0;0;0;0;0;0
2003 39 1;408;048033910901;3;0;1;0;0;0;1;0;1;0;0;0;0;0;0;0;0;0
2003 39 1;409;048033830080;3;0;1;1;0;1;0;0;0;1;0;0;0;0;0;0;0;0
2003 39 1;410;048033910377;2;1;0;0;1;0;0;0;0;0;0;0;0;0;1;0;0;0
2003 39 1;411;048033910153;2;0;1;0;0;0;0;0;0;1;0;0;0;0;1;0;0;0
2003 39 1;412;048033911052;2;0;0;0;1;0;0;0;0;0;0;0;1;0;1;0;0;0
2003 39 1;413;048033910919;1;0;1;0;0;0;1;0;1;0;0;0;0;1;0;0;0;0
2003 39 1;414;048033820536;9;0;0;1;1;1;0;1;0;1;0;0;0;0;0;0;0;0
2003 39 1;415;048032930409;9;1;0;0;1;0;0;0;0;0;0;0;0;0;0;0;0;0
2003 39 1;416;048033910249;9;0;1;0;0;0;1;0;0;1;0;0;0;0;0;0;0;0
2003 39 1;417;048033920733;9;0;0;0;1;0;0;0;0;0;0;0;0;0;0;0;0;0
2003 39 1;418;048033820018;9;0;1;1;0;1;0;1;0;1;0;1;0;0;0;0;0;0
2003 39 1;419;048033860001;11;0;0;0;1;0;0;0;0;0;0;0;0;0;0;0;0;0
2003 39 1;420;048033910628;11;0;1;0;0;0;1;0;1;1;0;0;0;0;0;0;0;0
2003 39 1;421;048033910980;11;0;0;0;1;0;0;0;0;0;0;0;1;0;0;0;0;0
2003 39 1;422;048033910038;2;1;1;1;0;0;1;1;0;1;1;1;0;0;1;0;0;0
2003 39 1;423;048033830352;2;0;0;0;1;1;0;0;0;0;0;0;0;0;1;0;0;0
2003 39 1;424;048033910429;3;0;1;0;0;0;0;0;0;0;0;0;0;0;0;0;0;0
2003 39 1;425;048033910156;3;0;1;0;0;0;1;0;0;1;0;0;0;0;0;0;0;0
2003 39 1;426;048033860063;3;0;0;1;1;0;0;0;1;0;0;0;0;0;0;0;0;0
2003 39 1;427;048033730455;3;1;0;0;1;1;0;0;0;1;0;0;0;0;0;0;0;0
2003 39 1;428;048033910198;3;0;1;0;0;0;1;0;0;1;0;0;0;0;0;0;0;0
2003 39 1;429;048033910940;3;0;0;0;1;0;0;0;0;0;0;0;0;0;0;0;0;0
2003 39 1;430;048033910091;3;0;1;1;0;0;0;0;0;1;0;0;0;0;0;0;0;0
2003 39 1;431;048033830691;9;0;0;0;1;1;0;0;0;0;0;0;0;0;0;0;0;0
2003 39 1;432;048033910202;9;1;1;0;0;0;1;0;1;1;0;0;0;0;0;0;0;0
2003 39 1;433;048033911071;6;0;0;0;1;0;0;0;0;0;0;1;1;0;0;0;1;0
2003 39 1;434;048033910934;6;0;0;1;1;0;0;0;0;0;0;0;0;0;0;0;1;0
2003 39 1;435;048033910046;6;0;1;0;0;1;1;1;0;1;1;1;0;0;0;0;1;0
2003 39 1;436;048033910294;8;0;0;0;1;0;0;0;0;0;0;0;0;0;0;0;0;1
2003 39 1;437;048033910268;7;1;1;0;0;0;0;0;0;1;0;0;0;0;0;1;0;0
2003 39 1;438;048033910994;10;0;0;0;1;0;0;0;0;0;0;0;0;0;0;0;0;0
2003 39 1;439;048033830056;6;0;1;1;0;1;1;1;0;1;0;0;0;0;0;0;1;0
2003 39 1;440;048033910965;6;0;0;0;1;0;0;0;0;0;0;0;0;0;0;0;1;0
2003 39 1;441;048032960052;6;0;1;0;0;0;0;0;0;1;0;1;0;0;0;0;1;0
2003 39 1;442;048033910937;6;0;0;0;1;0;0;0;0;0;0;0;0;0;0;0;1;0
2003 39 1;443;048033810428;6;0;0;1;1;1;0;0;0;1;0;0;0;0;0;0;1;0
2003 39 1;444;048033910864;11;1;1;0;0;0;1;0;0;0;0;0;0;0;0;0;0;0
2003 39 1;445;048033910943;11;0;0;0;1;0;0;0;0;0;0;0;1;0;0;0;0;0
2003 39 1;446;048033910258;11;0;1;0;0;0;0;0;0;0;0;0;0;0;0;0;0;0
2003 39 1;447;048033860127;4;0;0;1;1;0;0;1;0;1;0;0;0;0;0;0;0;0
2003 39 1;448;048033850189;3;0;1;0;0;1;1;0;0;1;0;0;0;0;0;0;0;0
2003 39 1;449;048033910953;3;0;0;0;1;0;0;0;1;0;0;0;0;0;0;0;0;0
2003 39 1;450;048033850190;3;0;1;0;0;0;0;0;0;1;0;0;0;0;0;0;0;0
2003 39 1;451;048033910893;3;0;0;0;1;0;0;0;0;0;0;0;0;0;0;0;0;0
2003 39 1;452;048033850005;1;1;1;1;0;1;1;1;0;1;1;1;0;1;0;0;0;0
2003 39 1;453;048033910310;1;0;1;0;0;0;0;0;0;0;0;0;0;1;0;0;0;0
2003 39 1;454;048033910973;4;0;0;0;1;0;0;0;0;0;0;0;1;0;0;0;0;0
2003 39 1;455;048033910155;4;0;0;0;1;0;0;0;0;0;0;0;0;0;0;0;0;0
2003 39 1;456;048033910152;10;0;1;0;0;0;1;0;0;1;0;0;0;0;0;0;0;0
2003 39 1;457;048033911036;10;1;0;1;1;0;0;1;0;1;0;0;0;0;0;0;0;0
2003 39 1;458;048033910209;7;0;1;0;0;0;0;0;0;1;0;0;0;0;0;1;0;0
2003 39 1;459;048033830649;8;0;0;0;1;1;0;0;1;0;0;0;0;0;0;0;0;1
2003 39 1;460;048033910125;3;0;1;0;0;0;1;0;0;1;0;0;0;0;0;0;0;0
2003 39 1;461;048033910133;3;0;1;0;0;0;0;0;0;1;0;0;0;0;0;0;0;0
2003 39 1;462;048033910985;3;0;0;0;1;0;0;0;0;0;0;0;1;0;0;0;0;0
2003 39 1;463;048033840045;3;1;1;1;0;1;1;1;0;1;1;1;0;0;0;0;0;0
2003 39 1;464;048033910938;3;0;0;0;1;0;0;0;1;0;0;0;0;0;0;0;0;0
2003 39 1;465;048033910110;3;0;1;0;0;0;0;0;0;1;0;0;0;0;0;0;0;0
2003 39 1;466;048033910484;3;0;0;0;1;0;0;0;0;0;0;0;0;0;0;0;0;0
2003 39 1;467;048033910182;3;0;1;0;0;0;1;0;0;1;0;0;0;0;0;0;0;0
2003 39 1;468;048033920401;9;0;0;0;1;1;0;0;0;0;0;0;0;0;0;0;0;0
2003 39 1;469;048033840006;3;1;1;1;0;0;0;1;0;1;0;0;0;0;0;0;0;0
2003 39 1;470;048033910099;3;0;0;0;1;0;0;0;0;0;0;0;1;0;0;0;0;0
2003 39 1;471;048033910305;3;0;1;0;0;0;1;0;0;1;0;0;0;0;0;0;0;0
2003 39 1;472;048033830347;3;0;0;0;1;1;0;0;1;1;0;0;0;0;0;0;0;0
2003 39 1;473;048033910584;3;0;1;0;0;0;0;0;0;0;0;0;0;0;0;0;0;0
2003 39 1;474;048033911034;3;1;0;1;1;0;0;1;0;1;0;0;0;0;0;0;0;0
2003 39 1;475;048033910167;3;0;1;0;0;0;1;0;0;1;0;0;0;0;0;0;0;0
2003 39 1;476;048033830337;2;0;0;0;1;1;0;0;0;0;0;0;0;0;1;0;0;0
2003 39 1;477;048033910200;2;0;1;0;0;0;0;0;0;1;0;0;0;0;1;0;0;0
2003 39 1;478;048033860095;2;0;0;1;1;0;0;0;1;0;0;0;0;0;1;0;0;0
2003 39 1;479;048033910430;7;0;1;0;0;0;1;0;0;0;0;0;0;0;0;1;0;0
2003 39 1;480;048033910465;7;0;1;0;0;0;0;0;0;1;0;0;0;0;0;1;0;0
2003 39 1;481;048033910982;8;0;0;0;1;0;0;0;0;0;0;0;1;0;0;0;0;1
2003 39 1;482;048033860002;1;1;1;1;0;1;1;1;0;1;1;1;0;1;0;0;0;0
2003 39 1;483;048033911016;5;0;0;0;1;0;0;0;1;0;0;0;0;0;0;0;0;0
2003 39 1;484;048033910548;5;0;1;0;0;0;1;0;0;1;0;0;0;0;0;0;0;0
2003 39 1;485;048033911032;5;0;0;0;1;0;0;0;0;0;0;0;0;0;0;0;0;0
2003 39 1;486;048033830090;5;0;1;1;0;1;1;0;0;1;0;0;0;0;0;0;0;0
2003 39 1;487;048033910960;5;0;0;0;1;0;0;0;0;0;0;0;0;0;0;0;0;0
2003 39 1;488;048033910263;5;0;1;0;0;0;1;0;1;1;0;1;0;0;0;0;0;0
2003 39 1;489;048033911045;10;0;0;0;1;0;0;0;0;0;0;0;1;0;0;0;0;0
2003 39 1;490;048033710702;10;1;0;0;1;1;0;1;0;1;0;0;0;0;0;0;0;0
2003 39 1;491;048033910278;11;0;1;0;0;0;1;0;0;0;0;0;0;0;0;0;0;0
2003 39 1;492;048033910947;2;0;0;1;1;0;0;0;1;0;0;0;0;0;1;0;0;0
2003 39 1;493;048033910197;2;0;1;0;0;0;1;0;0;1;0;0;0;0;1;0;0;0
2003 39 1;494;048033810362;2;0;0;0;1;1;0;0;0;0;0;0;0;0;1;0;0;0
2003 39 1;495;048033910394;2;0;1;0;0;0;0;0;0;0;0;0;0;0;1;0;0;0
2003 39 1;496;048033910993;2;1;0;1;1;0;0;0;1;0;0;0;0;0;1;0;0;0
2003 39 1;497;048033910175;11;0;1;0;0;0;1;0;0;1;0;0;0;0;0;0;0;0
2003 39 1;498;048033910048;11;0;0;0;1;0;0;0;0;0;0;0;1;0;0;0;0;0
2003 39 1;499;048033910106;11;0;1;0;0;0;0;0;0;1;0;0;0;0;0;0;0;0
2003 39 1;500;048033910534;11;0;0;0;1;0;0;0;0;0;0;0;0;0;0;0;0;0
2003 39 1;501;048033850003;9;1;1;1;0;1;1;1;0;1;1;1;0;0;0;0;0;0
2003 39 1;502;048033910541;9;0;0;0;1;0;0;0;0;0;0;0;0;0;0;0;0;0
2003 39 1;503;048033910328;9;0;1;0;0;0;0;0;0;1;0;0;0;0;0;0;0;0
2003 39 1;504;048033910997;5;0;0;0;1;0;0;0;0;0;0;0;1;0;0;0;0;0
2003 39 1;505;048033520314;5;0;1;1;0;0;1;0;1;1;0;0;0;0;0;0;0;0
2003 39 1;506;048033910262;5;1;1;0;0;0;0;0;0;1;0;0;0;0;0;0;0;0
2003 39 1;507;048033830184;5;0;0;0;1;1;0;0;0;0;0;0;0;0;0;0;0;0
2003 39 1;508;048033910259;5;0;1;0;0;0;1;0;0;1;0;0;0;0;0;0;0;0
2003 39 1;509;048033911001;5;0;0;1;1;0;0;0;1;0;0;0;0;0;0;0;0;0
2003 39 1;510;048033730549;5;0;0;0;1;0;0;1;0;1;0;0;0;0;0;0;0;0
2003 39 1;511;048033910935;5;1;1;0;0;0;1;0;1;1;0;0;0;0;0;0;0;0
2003 39 1;512;048033830185;8;0;0;0;1;1;0;0;0;0;0;0;0;0;0;0;0;1
2003 39 1;513;048033910018;10;0;1;1;0;0;0;0;0;1;0;1;0;0;0;0;0;0
2003 39 1;514;048033910607;10;0;0;0;1;0;0;0;0;0;0;0;0;0;0;0;0;0
2003 39 1;515;048033910219;10;0;1;0;0;0;1;0;0;1;0;0;0;0;0;0;0;0
2003 39 1;516;048033860055;6;0;0;0;1;0;0;0;1;0;0;0;0;0;0;0;1;0
2003 39 1;517;048033910043;6;1;1;1;0;1;1;1;0;1;1;1;0;0;0;0;1;0
2003 39 1;518;048033910100;6;0;0;0;1;0;0;0;0;0;0;0;1;0;0;0;1;0
2003 39 1;519;048033910913;6;0;0;0;1;0;0;0;0;0;0;0;0;0;0;0;1;0
2003 39 1;520;048033910638;11;0;1;0;0;0;1;0;0;0;0;0;0;0;0;0;0;0
2003 39 1;521;048033911002;11;0;0;0;1;0;0;0;1;0;0;0;0;0;0;0;0;0
2003 39 1;522;048033850007;1;1;1;1;0;1;1;1;0;1;1;1;0;1;0;0;0;0
2003 39 1;523;048033910470;6;0;0;0;1;0;0;0;0;0;0;0;0;0;0;0;1;0
2003 39 1;524;048033910256;6;0;1;0;0;0;0;0;0;1;0;0;0;0;0;0;1;0
2003 39 1;525;048033910502;6;0;0;0;1;0;0;0;0;0;0;0;0;0;0;0;1;0
2003 39 1;526;048033820074;7;0;1;1;0;1;1;0;0;1;0;0;0;0;0;1;0;0
2003 39 1;527;048033850219;3;0;0;0;1;0;0;0;1;0;0;0;0;0;0;0;0;0
2003 39 1;528;048033910376;3;1;1;0;0;0;0;0;0;1;0;0;0;0;0;0;0;0
2003 39 1;529;048033910097;3;0;0;0;1;0;0;0;0;0;0;0;1;0;0;0;0;0
2003 39 1;530;048033810073;3;0;1;1;0;1;1;0;0;1;0;0;0;0;0;0;0;0
2003 39 1;531;048033910247;3;0;0;0;1;0;0;0;0;0;0;0;0;0;0;0;0;0
2003 39 1;532;048033910119;3;0;1;0;0;0;0;0;0;1;0;0;0;0;0;0;0;0
2003 39 1;533;048033810003;3;1;0;0;1;0;0;0;0;0;0;0;0;0;0;0;0;0
2003 39 1;534;048033910060;3;0;1;1;0;0;1;0;1;1;0;0;0;0;0;0;0;0
2003 39 1;535;048033840384;3;0;0;0;1;1;0;0;0;0;0;0;0;0;0;0;0;0
2003 39 1;536;048033920072;3;0;1;0;0;0;1;0;0;1;0;0;0;0;0;0;0;0
2003 39 1;537;048033910944;2;0;0;0;1;0;0;0;0;0;0;0;1;0;1;0;0;0
2003 39 1;538;048033910482;2;0;0;0;1;0;0;0;0;0;0;0;0;0;1;0;0;0
2003 39 1;539;048033840008;7;1;1;1;0;1;1;1;0;1;1;1;0;0;0;1;0;0
2003 39 1;540;048033910523;5;0;0;0;1;0;0;0;0;0;0;0;0;0;0;0;0;0
2003 39 1;541;048033910246;5;0;1;0;0;0;0;0;0;1;0;0;0;0;0;0;0;0
2003 39 1;542;048033910105;5;0;0;0;1;0;0;0;1;0;0;0;0;0;0;0;0;0
2003 39 1;543;048033910586;5;0;1;0;0;0;1;0;0;1;0;0;0;0;0;0;0;0
2003 39 1;544;048033830054;5;1;1;1;0;1;0;1;0;1;0;0;0;0;0;0;0;0
2003 39 1;545;048033910098;5;0;0;0;1;0;0;0;0;0;0;0;1;0;0;0;0;0
2003 39 1;546;048033910161;3;0;1;0;0;0;1;0;0;1;0;0;0;0;0;0;0;0
2003 39 1;547;048033910963;3;0;0;0;1;0;0;0;1;0;0;0;0;0;0;0;0;0
2003 39 1;548;048033910917;3;0;1;0;0;0;0;0;0;1;0;0;0;0;0;0;0;0
2003 39 1;549;048033910569;3;0;0;0;1;0;0;0;0;0;0;0;0;0;0;0;0;0
2003 39 1;550;048033840053;5;1;1;1;0;1;1;1;0;1;1;1;0;0;0;0;0;0
2003 39 1;551;048033910911;5;0;0;0;1;0;0;0;0;0;0;0;0;0;0;0;0;0
2003 39 1;552;048033910238;5;0;1;0;0;0;1;0;1;1;0;0;0;0;0;0;0;0
2003 39 1;553;048033910522;5;0;0;0;1;0;0;0;0;0;0;0;0;0;0;0;0;0
2003 39 1;554;048033820062;5;0;1;1;0;1;1;0;0;1;0;0;0;0;0;0;0;0
2003 39 1;555;048033911000;8;0;0;0;1;0;0;0;0;0;0;0;1;0;0;0;0;1
2003 39 1;556;048033911013;8;1;0;0;1;0;0;0;0;0;0;0;0;0;0;0;0;1
2003 39 1;557;048033910594;1;0;1;0;0;0;1;0;1;1;0;0;0;1;0;0;0;0
2003 39 1;558;048033910213;6;0;0;0;1;0;0;0;0;0;0;0;0;0;0;0;1;0
2003 39 1;559;048033860017;6;0;1;1;0;1;1;1;0;1;1;1;0;0;0;0;1;0
2003 39 1;560;048033910964;6;0;0;0;1;0;0;0;0;0;0;0;0;0;0;0;1;0
2003 39 1;561;048033910269;6;1;1;0;0;0;0;0;0;1;0;0;0;0;0;0;1;0
2003 39 1;562;048033910126;9;0;1;0;0;0;1;0;1;1;0;0;0;0;0;0;0;0
2003 39 1;563;048033820051;9;0;0;0;1;1;0;0;0;0;0;0;0;0;0;0;0;0
2003 39 1;564;048033910066;10;0;1;1;0;0;0;0;0;1;0;0;0;0;0;0;0;0
2003 39 1;565;048033910571;10;0;0;0;1;0;0;0;0;0;0;0;1;0;0;0;0;0
2003 39 1;566;048033910208;7;0;1;0;0;0;1;0;0;1;0;1;0;0;0;1;0;0
2003 39 1;567;048033910556;2;1;0;0;1;0;0;0;0;0;0;0;0;0;1;0;0;0
2003 39 1;568;048033860114;2;0;0;0;1;0;0;1;0;0;0;0;0;0;1;0;0;0
2003 39 1;569;048033820102;2;0;1;1;0;1;1;0;0;1;0;0;0;0;1;0;0;0
2003 39 1;570;048033860056;2;0;0;0;1;0;0;0;1;0;0;0;0;0;1;0;0;0
2003 39 1;571;048033910215;11;0;1;0;0;0;0;0;0;0;0;0;0;0;0;0;0;0
2003 39 1;572;048033910316;9;0;0;0;1;0;0;0;0;0;0;0;0;0;0;0;0;0
2003 39 1;573;048033850006;9;1;1;1;0;1;1;1;0;1;1;1;0;0;0;0;0;0
2003 39 1;574;048033910952;9;0;0;0;1;0;0;0;0;0;0;0;0;0;0;0;0;0
2003 39 1;575;048033810052;9;0;1;0;0;0;0;0;0;1;0;0;0;0;0;0;0;0
2003 39 1;576;048033911008;9;0;0;0;1;0;0;0;1;0;0;0;0;0;0;0;0;0
2003 39 1;577;048033830078;1;0;1;1;0;1;1;0;0;1;0;0;0;1;0;0;0;0
2003 39 1;578;048033910109;1;0;1;0;0;0;0;0;0;1;0;0;0;1;0;0;0;0
2003 39 1;579;048033911062;9;0;0;0;1;0;0;0;0;0;0;0;0;0;0;0;0;0
2003 39 1;580;048033910513;9;0;1;0;0;0;1;0;0;1;0;0;0;0;0;0;0;0
2003 39 1;581;048033710675;9;1;0;0;1;1;0;1;0;1;0;0;0;0;0;0;0;0
2003 39 1;582;048033910164;9;0;1;0;0;0;1;0;1;1;0;0;0;0;0;0;0;0
2003 39 1;583;048033860123;9;0;0;0;1;0;0;0;0;0;0;0;1;0;0;0;0;0
2003 39 1;584;048033730127;9;0;1;1;0;0;1;0;0;1;0;0;0;0;0;0;0;0
2003 39 1;585;048033820193;9;0;0;0;1;1;0;0;0;0;0;0;0;0;0;0;0;0
2003 39 1;586;048033740153;9;1;1;0;0;0;0;1;0;1;0;0;0;0;0;0;0;0
2003 39 1;587;048033910234;9;0;0;0;1;0;0;0;0;0;0;0;0;0;0;0;0;0
2003 39 1;588;048033910057;1;0;1;1;0;0;1;0;0;1;0;0;0;1;0;0;0;0
2003 39 1;589;048033840465;4;0;0;0;1;1;0;0;0;0;0;0;0;0;0;0;0;0
2003 39 1;590;048033910148;3;0;1;0;0;0;1;0;1;1;0;0;0;0;0;0;0;0
2003 39 1;591;048033910096;10;0;0;0;1;0;0;0;0;0;0;0;1;0;0;0;0;0
2003 39 1;592;048033910037;10;0;1;1;0;0;0;1;0;1;1;1;0;0;0;0;0;0
2003 39 1;593;048033810375;10;0;0;0;1;1;0;0;0;0;0;0;0;0;0;0;0;0
2003 39 1;594;048033910244;10;1;1;0;0;0;1;0;0;1;0;0;0;0;0;0;0;0
2003 39 1;595;048033911024;10;0;0;0;1;0;0;0;0;0;0;0;0;0;0;0;0;0
2003 39 1;596;048033830088;10;0;1;1;0;1;1;0;0;1;0;0;0;0;0;0;0;0
2003 39 1;597;048033910967;10;0;0;0;1;0;0;0;1;0;0;0;0;0;0;0;0;0
2003 39 1;598;048033910250;7;0;1;0;0;0;1;0;0;1;0;1;0;0;0;1;0;0
2003 39 1;599;048033910915;2;0;0;0;1;0;0;0;0;0;0;0;1;0;1;0;0;0
2003 39 1;600;048033820357;2;1;0;1;1;1;0;0;0;0;0;0;0;0;1;0;0;0