Date;SeqRank;Ident;Paint Color;HPRC1;HPRC2;HPRC3;HPRC4;HPRC5
2003 38 3;876;039033730199;1;0;0;0;1;1
2003 38 3;877;039033820382;2;0;0;0;0;0
2003 38 3;878;039033820906;2;1;0;0;0;0
2003 38 3;879;039033820890;2;0;0;0;0;0
2003 38 3;880;039033820845;2;0;0;0;0;0
2003 38 3;881;039033730291;2;0;0;1;0;0
2003 38 3;882;039033831023;2;0;0;0;0;0
2003 38 3;883;039033730460;3;0;0;0;0;0
2003 38 3;884;039033820884;3;0;0;0;0;0
2003 38 3;885;039033840055;3;1;0;0;0;1
2003 38 3;886;039033810274;3;0;0;0;1;0
2003 38 3;887;039033820853;3;0;0;0;0;0
2003 38 3;888;039033830775;3;0;0;0;0;0
2003 38 3;889;039033831528;4;0;0;0;0;0
2003 38 3;890;039033831474;4;0;0;0;0;0
2003 38 3;891;039033750144;5;0;0;0;0;1
2003 38 3;892;039033831087;5;0;0;0;0;0
2003 38 3;893;039033831338;5;0;0;0;0;0
2003 38 3;894;039033831444;6;0;0;0;0;0
2003 38 3;895;039033910891;7;0;0;0;0;0
2003 38 3;896;039033831397;6;0;0;0;0;0
2003 38 3;897;039033640328;6;0;0;0;1;1
2003 38 3;898;039033820045;6;1;0;0;0;0
2003 38 3;899;039033830856;6;0;0;0;0;0
2003 38 3;900;039033720197;6;0;1;1;0;0
2003 38 3;901;039033831417;6;0;0;0;0;0
2003 38 3;902;039033831409;6;0;0;0;0;0
2003 38 4;1;039033831659;7;1;0;0;0;0
2003 38 4;2;039033740139;7;0;0;1;0;0
2003 38 4;3;039033740129;7;0;0;0;0;0
2003 38 4;4;039033840865;7;1;0;0;0;1
2003 38 4;5;039033831189;4;0;0;0;0;0
2003 38 4;6;039033831381;4;0;0;0;0;0
2003 38 4;7;039033831665;8;0;0;0;0;0
2003 38 4;8;039033730480;9;1;0;0;0;1
2003 38 4;9;039033831658;9;0;0;0;0;0
2003 38 4;10;039033841399;9;0;0;0;0;0
2003 38 4;11;039033740221;9;1;0;0;0;0
2003 38 4;12;039033740176;9;0;0;0;0;0
2003 38 4;13;039033630066;9;0;0;0;1;1
2003 38 4;14;039033740854;9;1;0;0;0;0
2003 38 4;15;039033740261;9;0;0;0;0;0
2003 38 4;16;039033740143;9;0;0;0;0;0
2003 38 4;17;039033830434;10;1;1;0;0;1
2003 38 4;18;039033940041;5;0;0;0;0;0
2003 38 4;19;039033740938;5;0;0;0;0;0
2003 38 4;20;039033831191;5;0;0;0;0;0
2003 38 4;21;039033830999;5;1;0;0;0;1
2003 38 4;22;039033741565;5;0;0;0;0;0
2003 38 4;23;039033741285;5;0;0;0;0;0
2003 38 4;24;039033741245;5;0;0;0;0;0
2003 38 4;25;039033840936;11;1;0;0;0;1
2003 38 4;26;039033831126;6;0;0;0;0;0
2003 38 4;27;039033742065;6;0;0;0;0;0
2003 38 4;28;039033740853;6;1;0;0;0;0
2003 38 4;29;039033831137;6;0;0;0;0;0
2003 38 4;30;039033741608;6;0;0;1;0;1
2003 38 4;31;039033640098;9;0;0;0;1;0
2003 38 4;32;039033741246;9;1;0;0;0;0
2003 38 4;33;039033751287;9;0;0;0;0;0
2003 38 4;34;039033650396;9;0;0;0;0;0
2003 38 4;35;039033730481;9;1;0;0;0;1
2003 38 4;36;039033740128;7;0;0;0;0;0
2003 38 4;37;039033742100;7;0;0;0;0;0
2003 38 4;38;039033740419;7;1;0;0;0;0
2003 38 4;39;039033810100;7;0;0;0;0;1
2003 38 4;40;039033831654;12;0;0;0;0;0
2003 38 4;41;039033741260;6;1;0;0;0;0
2003 38 4;42;039033730703;6;0;0;0;0;0
2003 38 4;43;039033831127;7;0;0;0;0;0
2003 38 4;44;039033840867;7;1;0;0;0;1
2003 38 4;45;039033740415;7;0;1;0;0;0
2003 38 4;46;039033740972;7;0;0;0;0;0
2003 38 4;47;039033650616;13;0;0;0;0;0
2003 38 4;48;039033730094;13;1;0;0;1;1
2003 38 4;49;039033740168;13;0;0;0;0;0
2003 38 4;50;039033740115;13;0;0;0;0;0
2003 38 4;51;039033720032;10;1;0;0;0;0
2003 38 4;52;039033940039;10;0;0;0;0;1
2003 38 4;53;039033730452;13;0;0;0;0;0
2003 38 4;54;039033741263;13;1;0;0;0;0
2003 38 4;55;039033730555;13;0;0;0;0;0
2003 38 4;56;039033650395;13;0;0;0;0;0
2003 38 4;57;039033730442;10;1;0;0;0;1
2003 38 4;58;039033940048;10;0;0;0;0;0
2003 38 4;59;039033640432;10;0;0;0;0;0
2003 38 4;60;039033831054;10;1;0;1;0;0
2003 38 4;61;039033651451;10;0;0;0;0;1
2003 38 4;62;039033741228;10;0;0;0;0;0
2003 38 4;63;039033730571;10;1;0;0;0;0
2003 38 4;64;039033740052;10;0;0;0;1;0
2003 38 4;65;039033730329;2;0;0;0;0;1
2003 38 4;66;039033750105;2;1;0;0;0;0
2003 38 4;67;039033720362;2;0;0;0;0;0
2003 38 4;68;039033740918;2;0;0;0;0;0
2003 38 4;69;039033840754;1;1;0;0;0;1
2003 38 4;70;039033831657;1;0;0;0;0;0
2003 38 4;71;039033740165;1;0;0;0;0;0
2003 38 4;72;039033740097;13;1;1;0;0;0
2003 38 4;73;039033940036;8;0;0;0;0;0
2003 38 4;74;039033730043;8;0;0;0;0;1
2003 38 4;75;039033940035;8;0;0;0;0;0
2003 38 4;76;039033730696;9;1;0;0;0;0
2003 38 4;77;039033740875;9;0;0;0;0;0
2003 38 4;78;039033810159;9;0;0;0;0;1
2003 38 4;79;039033740383;9;1;0;0;0;0
2003 38 4;80;039033740893;9;0;0;0;0;0
2003 38 4;81;039033720652;9;0;0;0;1;0
2003 38 4;82;039033831040;9;1;0;0;0;1
2003 38 4;83;039033740183;8;0;0;0;0;0
2003 38 4;84;039033650201;8;0;0;0;0;0
2003 38 4;85;039033740896;8;0;0;0;0;0
2003 38 4;86;039033840922;11;1;0;0;0;1
2003 38 4;87;039033740218;1;0;0;0;0;0
2003 38 4;88;039033740928;1;0;0;0;0;0
2003 38 4;89;039033831161;1;0;0;0;0;0
2003 38 4;90;039033740873;10;1;0;1;0;1
2003 38 4;91;039033810099;10;0;0;0;0;0
2003 38 4;92;039033740866;10;0;0;0;0;0
2003 38 4;93;039033810160;10;0;0;0;0;0
2003 38 4;94;039033730478;10;1;0;0;0;1
2003 38 4;95;039033740915;2;0;0;0;0;0
2003 38 4;96;039033831201;2;0;0;0;0;0
2003 38 4;97;039033741147;2;0;0;0;0;0
2003 38 4;98;039033320216;5;0;0;0;1;1
2003 38 4;99;039033840322;5;0;1;0;0;0
2003 38 4;100;039033650220;5;1;0;0;0;0
2003 38 4;101;039033740912;13;0;0;0;0;0
2003 38 4;102;039033740909;13;0;0;0;0;0
2003 38 4;103;039033840928;11;1;0;0;0;1
2003 38 4;104;039033831233;9;0;0;0;0;0
2003 38 4;105;039033650709;9;0;0;0;0;0
2003 38 4;106;039033730388;9;1;0;0;0;0
2003 38 4;107;039033740865;9;0;0;0;0;0
2003 38 4;108;039033740891;9;0;0;0;0;0
2003 38 4;109;039033831002;9;1;0;0;0;1
2003 38 4;110;039033740852;9;0;0;0;0;0
2003 38 4;111;039033831335;9;0;0;0;0;0
2003 38 4;112;039033831123;9;0;0;0;0;0
2003 38 4;113;039033840700;9;1;0;0;0;1
2003 38 4;114;039033740911;13;0;0;0;0;0
2003 38 4;115;039033740908;13;0;0;0;0;0
2003 38 4;116;039033740081;13;1;0;0;1;0
2003 38 4;117;039033831227;13;0;0;0;0;0
2003 38 4;118;039033810153;13;0;0;0;0;0
2003 38 4;119;039033840733;9;1;0;0;0;1
2003 38 4;120;039033730716;9;0;0;0;0;0
2003 38 4;121;039033730840;13;0;0;0;0;0
2003 38 4;122;039033730392;13;1;0;0;0;0
2003 38 4;123;039033810051;13;0;0;0;0;1
2003 38 4;124;039033741215;13;0;0;0;0;0
2003 38 4;125;039033730816;13;0;0;0;0;0
2003 38 4;126;039033831200;1;0;0;0;0;0
2003 38 4;127;039033740974;1;1;0;0;0;0
2003 38 4;128;039033741191;7;0;1;1;0;1
2003 38 4;129;039033740903;8;0;0;0;0;0
2003 38 4;130;039033651371;8;1;0;0;0;0
2003 38 4;131;039033740901;8;0;0;0;0;0
2003 38 4;132;039033740899;8;0;0;0;0;0
2003 38 4;133;039033730479;10;1;0;0;0;1
2003 38 4;134;039033740054;10;0;0;0;1;0
2003 38 4;135;039033810157;10;0;0;0;0;0
2003 38 4;136;039033831448;10;1;0;0;0;0
2003 38 4;137;039033740864;10;0;0;0;0;1
2003 38 4;138;039033831212;4;0;0;0;0;0
2003 38 4;139;039033741034;6;1;0;0;0;0
2003 38 4;140;039033831643;6;0;0;0;0;0
2003 38 4;141;039033730692;6;0;0;0;0;1
2003 38 4;142;039033130296;6;1;0;0;0;0
2003 38 4;143;039033831322;8;0;0;0;0;0
2003 38 4;144;039033831256;8;0;0;0;0;0
2003 38 4;145;039033831128;10;1;0;0;0;1
2003 38 4;146;039033740904;8;0;0;0;0;0
2003 38 4;147;039033831537;8;0;0;0;0;0
2003 38 4;148;039033740565;8;1;0;0;0;0
2003 38 4;149;039033810080;8;0;0;0;0;1
2003 38 4;150;039033831336;8;0;0;0;0;0
2003 38 4;151;039033740553;10;1;0;0;0;0
2003 38 4;152;039033741084;10;0;0;0;1;0
2003 38 4;153;039033831452;10;0;0;0;0;1
2003 38 4;154;039033730400;3;1;0;0;0;0
2003 38 4;155;039033805393;3;0;0;0;0;0
2003 38 4;156;039033710251;3;0;1;1;0;0
2003 38 4;157;039033840863;7;1;0;0;0;1
2003 38 4;158;039033730800;7;0;0;0;0;0
2003 38 4;159;039033831644;7;0;0;0;0;0
2003 38 4;160;039033730742;7;0;0;0;0;1
2003 38 4;161;039033740172;7;1;0;0;0;0
2003 38 4;162;039033741126;7;0;0;0;0;0
2003 38 4;163;039033741222;7;0;0;0;0;0
2003 38 4;164;039033840827;7;1;0;0;0;1
2003 38 4;165;039033831501;7;0;0;0;0;0
2003 38 4;166;039033740937;5;0;0;0;0;0
2003 38 4;167;039033831562;5;0;0;0;0;0
2003 38 4;168;039033730699;5;0;0;0;0;1
2003 38 4;169;039033740113;5;1;0;0;1;0
2003 38 4;170;039033831159;5;0;0;0;0;0
2003 38 4;171;039033831230;5;0;0;0;0;0
2003 38 4;172;039033840795;5;1;0;0;0;1
2003 38 4;173;039033831049;5;0;0;0;0;0
2003 38 4;174;039033831315;5;0;0;0;0;0
2003 38 4;175;039033831220;5;0;0;0;0;0
2003 38 4;176;039033840817;5;1;0;0;0;1
2003 38 4;177;039033831214;5;0;0;0;0;0
2003 38 4;178;039033831036;5;0;0;0;0;0
2003 38 4;179;039033741180;10;0;0;0;0;0
2003 38 4;180;039033831060;10;1;0;0;0;1
2003 38 4;181;039033831311;9;0;0;0;0;0
2003 38 4;182;039033741178;9;0;0;0;0;0
2003 38 4;183;039033840722;9;1;0;0;0;1
2003 38 4;184;039033751285;9;0;0;1;0;0
2003 38 4;185;039033831027;8;0;0;0;0;0
2003 38 4;186;039033740103;8;1;1;0;0;0
2003 38 4;187;039033640492;8;0;0;0;0;1
2003 38 4;188;039033831240;8;0;0;0;0;0
2003 38 4;189;039033741595;6;1;0;0;1;0
2003 38 4;190;039033831000;6;0;0;0;0;0
2003 38 4;191;039033741224;9;0;0;0;0;0
2003 38 4;192;039033840732;9;1;0;0;0;1
2003 38 4;193;039033730545;9;0;0;0;0;0
2003 38 4;194;039033741255;9;0;0;0;0;0
2003 38 4;195;039033730389;9;1;0;0;0;0
2003 38 4;196;039033831660;14;0;0;0;0;1
2003 38 4;197;039033741216;9;0;0;0;0;0
2003 38 4;198;039033831068;9;0;0;0;0;0
2003 38 4;199;039033831160;9;0;0;0;0;0
2003 38 4;200;039033840681;9;1;0;0;0;1
2003 38 4;201;039034111317;9;0;0;0;0;0
2003 38 4;202;039033820016;9;0;0;0;0;0
2003 38 4;203;039033840691;9;1;0;0;0;1
2003 38 4;204;039033741125;9;0;0;0;0;0
2003 38 4;205;039033741195;9;0;0;0;0;0
2003 38 4;206;039033741221;9;0;0;0;0;0
2003 38 4;207;039033730387;9;1;0;0;0;0
2003 38 4;208;039033741271;10;0;0;0;1;0
2003 38 4;209;039033740058;10;0;0;0;0;1
2003 38 4;210;039033730473;10;1;0;0;0;0
2003 38 4;211;039033831125;10;0;0;0;0;0
2003 38 4;212;039033741473;10;0;0;1;0;0
2003 38 4;213;039033840888;10;1;0;0;0;1
2003 38 4;214;039033831209;9;0;1;0;0;0
2003 38 4;215;039033831334;9;0;0;0;0;0
2003 38 4;216;039033740886;9;0;0;0;0;0
2003 38 4;217;039033840745;9;1;0;0;0;1
2003 38 4;218;039033831241;9;0;0;0;0;0
2003 38 4;219;039033831136;9;0;0;0;0;0
2003 38 4;220;039033740233;9;1;0;0;0;0
2003 38 4;221;039033740872;9;0;0;0;0;1
2003 38 4;222;039033831461;9;0;0;0;0;0
2003 38 4;223;039033831221;9;0;0;0;0;0
2003 38 4;224;039033740173;1;1;0;0;0;0
2003 38 4;225;039033810169;1;0;0;0;0;1
2003 38 4;226;039033831234;1;0;0;0;0;0
2003 38 4;227;039033730139;6;1;0;0;0;0
2003 38 4;228;039033740924;6;0;0;0;0;0
2003 38 4;229;039033740921;6;0;0;0;0;0
2003 38 4;230;039033030559;9;0;0;0;1;1
2003 38 4;231;039033740248;7;1;0;0;0;0
2003 38 4;232;039033831453;7;0;0;0;0;0
2003 38 4;233;039033831141;7;0;0;0;0;0
2003 38 4;234;039033840828;7;1;0;0;0;1
2003 38 4;235;039033831333;7;0;0;0;0;0
2003 38 4;236;039033831262;9;0;0;0;0;0
2003 38 4;237;039033831106;9;0;0;0;0;0
2003 38 4;238;039033840706;9;1;0;0;0;1
2003 38 4;239;039033831254;9;0;0;0;0;0
2003 38 4;240;039033831129;9;0;0;0;0;0
2003 38 4;241;039033830116;9;1;1;1;0;0
2003 38 4;242;039033831130;9;0;0;0;0;0
2003 38 4;243;039033740945;9;0;0;0;0;1
2003 38 4;244;039033740420;9;1;0;0;0;0
2003 38 4;245;039033831225;9;0;0;0;0;0
2003 38 4;246;039033831235;9;0;0;0;0;0
2003 38 4;247;039033841043;9;1;0;0;0;1
2003 38 4;248;039033740923;6;0;0;0;0;0
2003 38 4;249;039033831080;6;0;0;0;0;0
2003 38 4;250;039033740562;6;1;0;0;0;0
2003 38 4;251;039033730021;6;0;0;0;1;1
2003 38 4;252;039033831547;6;0;0;0;0;0
2003 38 4;253;039033831153;10;0;0;0;0;0
2003 38 4;254;039033740559;9;1;0;0;0;0
2003 38 4;255;039033831328;9;0;0;0;0;0
2003 38 4;256;039033831341;9;0;0;0;0;0
2003 38 4;257;039033740713;9;0;0;0;0;0
2003 38 4;258;039033840703;9;1;0;0;0;1
2003 38 4;259;039033831088;9;0;0;0;0;0
2003 38 4;260;039033831314;9;0;0;0;0;0
2003 38 4;261;039033840690;9;1;0;0;0;1
2003 38 4;262;039033831263;9;0;0;0;0;0
2003 38 4;263;039033831319;9;0;0;0;0;0
2003 38 4;264;039033831255;9;0;0;0;0;0
2003 38 4;265;039033840860;7;1;0;0;0;1
2003 38 4;266;039033831382;7;0;0;0;0;0
2003 38 4;267;039033831140;7;0;0;0;0;0
2003 38 4;268;039033831134;7;0;0;0;0;0
2003 38 4;269;039033730265;7;1;1;1;0;1
2003 38 4;270;039033740016;7;0;0;0;1;0
2003 38 4;271;039033831245;7;0;0;0;0;0
2003 38 4;272;039033740137;6;1;0;0;0;0
2003 38 4;273;039033730687;1;0;0;0;0;1
2003 38 4;274;039033740927;1;0;0;0;0;0
2003 38 4;275;039033831581;11;0;0;0;0;0
2003 38 4;276;039033740584;11;1;0;0;0;0
2003 38 4;277;039033831166;11;0;0;0;0;0
2003 38 4;278;039033741511;11;0;0;0;0;1
2003 38 4;279;039033741099;11;1;0;0;0;0
2003 38 4;280;039033831156;10;0;0;0;0;0
2003 38 4;281;039033740930;10;0;0;0;0;0
2003 38 4;282;039033840881;10;1;0;0;0;1
2003 38 4;283;039033831259;10;0;0;0;0;0
2003 38 4;284;039033920196;3;0;0;0;0;0
2003 38 4;285;039033730404;3;1;0;0;0;0
2003 38 4;286;039033730750;3;0;0;0;0;1
2003 38 4;287;039033831070;13;0;0;0;0;0
2003 38 4;288;039033730393;13;1;0;0;0;0
2003 38 4;289;039033831081;13;0;0;0;1;1
2003 38 4;290;039033741027;13;0;0;0;0;0
2003 38 4;291;039033740801;6;1;0;0;0;0
2003 38 4;292;039033821003;6;0;0;0;0;0
2003 38 4;293;039033740837;6;0;0;0;0;1
2003 38 4;294;039033740346;6;1;0;0;0;0
2003 38 4;295;039033831133;6;0;0;0;0;0
2003 38 4;296;039033740836;6;0;0;0;0;0
2003 38 4;297;039033840949;6;1;0;0;0;1
2003 38 4;298;039033831179;6;0;0;0;0;0
2003 38 4;299;039033831176;6;0;0;0;0;0
2003 38 4;300;039033830394;6;1;0;0;0;0
2003 38 4;301;039033650059;6;0;0;0;0;1
2003 38 4;302;039033741590;13;0;0;0;0;0
2003 38 4;303;039033650040;13;1;1;1;0;0
2003 38 4;304;039033820005;13;0;0;0;0;0
2003 38 4;305;039033741132;13;0;0;0;0;0
2003 38 4;306;039033840891;10;1;0;0;0;1
2003 38 4;307;039033740034;13;0;0;0;1;0
2003 38 4;308;039033831151;13;0;0;0;0;0
2003 38 4;309;039033831022;13;0;0;0;0;0
2003 38 4;310;039033840904;10;1;0;0;0;1
2003 38 4;311;039033831154;10;0;0;0;0;0
2003 38 4;312;039033831132;10;0;0;0;0;0
2003 38 4;313;039033840910;10;1;0;0;0;1
2003 38 4;314;039033831575;1;0;0;0;0;0
2003 38 4;315;039033831331;1;0;0;0;0;0
2003 38 4;316;039033730289;1;1;0;0;0;0
2003 38 4;317;039033831339;1;0;0;0;0;0
2003 38 4;318;039033730317;1;0;0;0;0;1
2003 38 4;319;039033831079;1;1;0;0;0;0
2003 38 4;320;039033830986;1;0;0;0;0;0
2003 38 4;321;039033740187;1;0;0;0;0;1
2003 38 4;322;039033831077;6;1;0;0;0;0
2003 38 4;323;039033831323;6;0;0;0;0;0
2003 38 4;324;039033741480;6;0;0;0;1;0
2003 38 4;325;039033840855;7;1;0;0;0;1
2003 38 4;326;039033831236;7;0;0;0;0;0
2003 38 4;327;039033741114;7;0;0;0;0;0
2003 38 4;328;039033740698;7;0;0;0;0;0
2003 38 4;329;039033730347;7;1;0;0;0;0
2003 38 4;330;039033741409;7;0;1;0;0;1
2003 38 4;331;039033730175;5;0;0;1;0;0
2003 38 4;332;039033740006;5;1;0;0;0;0
2003 38 4;333;039033741087;13;0;0;0;0;0
2003 38 4;334;039033740956;13;0;0;0;0;1
2003 38 4;335;039033730391;13;1;0;0;0;0
2003 38 4;336;039033831383;13;0;0;0;0;0
2003 38 4;337;039033831038;13;0;0;0;0;0
2003 38 4;338;039033840930;11;1;0;0;0;1
2003 38 4;339;039033831239;5;0;0;0;0;0
2003 38 4;340;039033831238;5;0;0;0;0;0
2003 38 4;341;039033550637;5;1;0;0;0;0
2003 38 4;342;039033650004;5;0;0;0;1;0
2003 38 4;343;039033831004;5;0;0;0;0;0
2003 38 4;344;039033840903;10;1;0;0;0;1
2003 38 4;345;039033831021;1;0;0;0;0;0
2003 38 4;346;039033831197;10;0;0;0;0;0
2003 38 4;347;039033740175;10;1;0;0;0;0
2003 38 4;348;039033730567;10;0;0;0;0;1
2003 38 4;349;039033831237;10;0;0;0;0;0
2003 38 4;350;039033740232;9;1;0;0;0;0
2003 38 4;351;039033831231;9;0;0;0;0;0
2003 38 4;352;039033740125;9;0;0;0;0;1
2003 38 4;353;039033730632;9;1;0;0;0;0
2003 38 4;354;039033831219;9;0;0;0;0;0
2003 38 4;355;039033831390;4;0;0;0;0;0
2003 38 4;356;039033840811;5;1;0;0;0;1
2003 38 4;357;039033740375;5;0;0;0;0;0
2003 38 4;358;039033810146;5;0;1;1;0;0
2003 38 4;359;039033740036;5;0;0;0;1;0
2003 38 4;360;039033840906;10;1;0;0;0;1
2003 38 4;361;039033740949;8;0;0;0;0;0
2003 38 4;362;039033740792;8;0;0;0;0;0
2003 38 4;363;039033740554;8;1;0;0;0;0
2003 38 4;364;039033740762;8;0;0;0;0;0
2003 38 4;365;039033740951;8;0;0;0;0;1
2003 38 4;366;039033740102;9;1;0;0;0;0
2003 38 4;367;039033831242;9;0;0;0;0;0
2003 38 4;368;039033831039;9;0;0;0;0;0
2003 38 4;369;039033740944;9;0;0;0;0;0
2003 38 4;370;039033840707;9;1;0;0;0;1
2003 38 4;371;039033831122;9;0;0;0;0;0
2003 38 4;372;039033741361;9;0;0;0;0;0
2003 38 4;373;039033750108;11;1;0;0;0;0
2003 38 4;374;039033831450;11;0;0;0;0;0
2003 38 4;375;039033730620;11;0;0;0;0;0
2003 38 4;376;039033741445;11;0;0;0;1;1
2003 38 4;377;039033740101;13;1;0;0;0;0
2003 38 4;378;039033831089;13;0;0;0;0;0
2003 38 4;379;039033831143;13;0;0;0;0;0
2003 38 4;380;039033840952;6;1;0;0;0;1
2003 38 4;381;039033740621;6;0;0;0;0;0
2003 38 4;382;039033730325;6;0;0;0;0;0
2003 38 4;383;039033831107;6;1;0;0;0;0
2003 38 4;384;039033710776;4;0;0;0;0;1
2003 38 4;385;039033831226;9;0;1;0;0;0
2003 38 4;386;039033730498;9;1;0;0;0;0
2003 38 4;387;039033831149;9;0;0;0;0;0
2003 38 4;388;039033730747;9;0;0;0;0;1
2003 38 4;389;039033831025;9;0;0;0;0;0
2003 38 4;390;039033750099;9;1;0;1;0;0
2003 38 4;391;039033740399;9;0;0;0;0;0
2003 38 4;392;039033831138;9;0;0;0;0;1
2003 38 4;393;039033730499;9;1;0;0;0;0
2003 38 4;394;039033730080;9;0;0;0;1;0
2003 38 4;395;039033740580;9;0;0;0;0;0
2003 38 4;396;039033740805;9;0;0;0;0;0
2003 38 4;397;039033730535;9;0;0;0;0;0
2003 38 4;398;039033840708;9;1;0;0;0;1
2003 38 4;399;039033730713;9;0;0;0;0;0
2003 38 4;400;039033831062;9;0;0;0;0;0
2003 38 4;401;039033740760;9;0;0;0;0;0
2003 38 4;402;039033840896;10;1;0;0;0;1
2003 38 4;403;039033831337;10;0;0;0;0;0
2003 38 4;404;039033730839;10;0;0;0;0;0
2003 38 4;405;039033840915;10;1;0;0;0;1
2003 38 4;406;039033740913;13;0;0;0;0;0
2003 38 4;407;039033831069;13;0;0;0;0;0
2003 38 4;408;039033740304;13;1;0;0;0;0
2003 38 4;409;039033740063;13;0;0;0;0;1
2003 38 4;410;039033831001;13;0;0;0;0;0
2003 38 4;411;039033650032;13;0;0;0;1;0
2003 38 4;412;039033840889;10;1;0;0;0;1
2003 38 4;413;039033741247;6;0;0;0;0;0
2003 38 4;414;039033641030;6;0;0;0;0;0
2003 38 4;415;039033831074;6;1;0;0;0;0
2003 38 4;416;039033741460;6;0;0;0;0;1
2003 38 4;417;039033730277;6;0;0;0;0;0
2003 38 4;418;039033830098;6;1;0;0;0;0
2003 38 4;419;039033730068;6;0;1;1;0;0
2003 38 4;420;039033741496;3;0;0;0;0;1
2003 38 4;421;039033730402;3;1;0;0;0;0
2003 38 4;422;039033831131;13;0;0;0;0;0
2003 38 4;423;039033831264;13;0;0;0;0;0
2003 38 4;424;039033840857;7;1;0;0;0;1
2003 38 4;425;039033730646;7;0;0;0;0;0
2003 38 4;426;039033730336;7;0;0;0;0;0
2003 38 4;427;039033740632;7;0;0;0;0;0
2003 38 4;428;039033840861;7;1;0;0;0;1
2003 38 4;429;039033740024;3;0;0;0;1;0
2003 38 4;430;039033730440;3;0;0;0;0;0
2003 38 4;431;039033730500;13;1;0;0;0;0
2003 38 4;432;039033831552;13;0;0;0;0;0
2003 38 4;433;039033831124;13;0;0;0;0;0
2003 38 4;434;039033840907;10;1;0;0;0;1
2003 38 4;435;039033730787;10;0;0;0;0;0
2003 38 4;436;039033831094;10;0;0;0;0;0
2003 38 4;437;039033740561;10;1;0;0;0;0
2003 38 4;438;039033730472;10;0;0;0;0;1
2003 38 4;439;039033831327;13;0;0;0;0;0
2003 38 4;440;039033730501;13;1;0;0;0;0
2003 38 4;441;039033831265;13;0;0;0;0;0
2003 38 4;442;039033831253;13;0;0;0;0;0
2003 38 4;443;039033840760;1;1;0;0;0;1
2003 38 4;444;039033740544;1;0;0;0;0;0
2003 38 4;445;039033730642;1;0;0;0;0;0
2003 38 4;446;039033730436;1;0;0;0;0;0
2003 38 4;447;039033730767;7;0;0;0;0;0
2003 38 4;448;039033840826;7;1;0;0;0;1
2003 38 4;449;039033710323;8;0;0;0;1;0
2003 38 4;450;039033831454;8;0;0;0;0;0
2003 38 4;451;039033831016;8;0;0;0;0;0
2003 38 4;452;039033810101;3;1;0;0;0;1
2003 38 4;453;039033741146;3;0;0;1;0;0
2003 38 4;454;039033831053;8;0;1;0;0;0
2003 38 4;455;039033740249;10;1;0;0;0;0
2003 38 4;456;039033831202;10;0;0;0;0;0
2003 38 4;457;039033831277;10;0;0;0;0;0
2003 38 4;458;039033840884;10;1;0;0;0;1
2003 38 4;459;039033730488;9;0;0;0;0;0
2003 38 4;460;039033740545;9;0;0;0;0;0
2003 38 4;461;039033830992;9;0;0;0;0;0
2003 38 4;462;039033840711;9;1;0;0;0;1
2003 38 4;463;039033730466;1;0;0;0;0;0
2003 38 4;464;039033730468;1;0;0;0;0;0
2003 38 4;465;039033831034;1;0;0;0;0;0
2003 38 4;466;039033840762;1;1;0;0;0;1
2003 38 4;467;039033740087;8;0;0;0;1;0
2003 38 4;468;039033831017;8;0;0;0;0;0
2003 38 4;469;039033750019;1;1;0;0;0;0
2003 38 4;470;039033730492;1;0;0;0;0;0
2003 38 4;471;039033730437;1;0;0;0;0;0
2003 38 4;472;039033840766;1;1;0;0;0;1
2003 38 4;473;039033831031;13;0;0;0;0;0
2003 38 4;474;039033740953;13;0;0;0;0;0
2003 38 4;475;039033730502;13;1;0;0;0;0
2003 38 4;476;039033740871;13;0;0;0;0;1
2003 38 4;477;039033740307;13;0;0;0;0;0
2003 38 4;478;039033741026;13;0;0;0;0;0
2003 38 4;479;039033831061;13;0;0;0;0;0
2003 38 4;480;039033840916;10;1;0;0;0;1
2003 38 4;481;039033740074;10;0;1;1;0;0
2003 38 4;482;039033750223;10;0;0;0;0;0
2003 38 4;483;039033741183;9;0;0;0;0;0
2003 38 4;484;039033730680;9;0;0;0;0;0
2003 38 4;485;039033840695;9;1;0;0;0;1
2003 38 4;486;039033750132;9;0;0;0;0;0
2003 38 4;487;039033741085;9;0;0;0;1;0
2003 38 4;488;039033740755;9;1;0;0;0;0
2003 38 4;489;039033741395;8;0;0;0;0;1
2003 38 4;490;039033831356;8;0;0;0;0;0
2003 38 4;491;039033830957;8;1;0;0;0;0
2003 38 4;492;039033740342;5;0;0;0;0;0
2003 38 4;493;039033740934;5;0;0;0;0;1
2003 38 4;494;039033831396;5;0;0;0;0;0
2003 38 4;495;039033730138;5;1;0;0;0;0
2003 38 4;496;039033740424;5;0;0;0;0;0
2003 38 4;497;039033750245;5;0;0;0;0;0
2003 38 4;498;039033840820;5;1;0;0;0;1
2003 38 4;499;039033741568;5;0;0;0;0;0
2003 38 4;500;039033320573;5;0;0;0;0;0
2003 38 4;501;039033831011;5;0;0;0;0;0
2003 38 4;502;039033840818;5;1;0;0;0;1
2003 38 4;503;039033831012;5;0;0;0;0;0
2003 38 4;504;039033831013;5;0;0;0;0;0
2003 38 4;505;039033831267;5;0;0;0;0;0
2003 38 4;506;039033831268;5;0;0;0;0;0
2003 38 4;507;039033840813;5;1;0;0;0;1
2003 38 4;508;039033831243;5;0;0;0;0;0
2003 38 4;509;039033740035;5;0;1;1;0;0
2003 38 4;510;039033730395;5;1;0;0;0;0
2003 38 4;511;039033740046;5;0;0;0;1;1
2003 38 4;512;039033740363;9;0;0;0;0;0
2003 38 4;513;039033230257;9;1;0;0;0;0
2003 38 4;514;039033730447;9;0;0;0;0;0
2003 38 4;515;039033831184;9;0;0;0;0;1
2003 38 4;516;039033740306;9;1;0;0;0;0
2003 38 4;517;039033750229;9;0;0;0;0;0
2003 38 4;518;039033831194;10;0;0;0;0;1
2003 38 4;519;039033730475;10;1;0;0;0;0
2003 38 4;520;039033730344;10;0;0;0;0;0
2003 38 4;521;039033730735;10;0;0;0;0;0
2003 38 4;522;039033840882;10;1;0;0;0;1
2003 38 4;523;039033730846;10;0;0;0;0;0
2003 38 4;524;039033741518;10;0;0;0;0;0
2003 38 4;525;039033831076;10;1;0;0;0;0
2003 38 4;526;039033741129;10;0;0;0;0;1
2003 38 4;527;039033841096;10;0;0;0;0;0
2003 38 4;528;039033831024;6;1;0;0;0;0
2003 38 4;529;039033831056;6;0;0;0;0;0
2003 38 4;530;039033920102;6;0;0;0;1;1
2003 38 4;531;039033831055;6;1;0;0;0;0
2003 38 4;532;039033730384;6;0;0;0;0;0
2003 38 4;533;039033730279;6;0;0;0;0;0
2003 38 4;534;039033840912;10;1;0;0;0;1
2003 38 4;535;039033841130;10;0;0;0;0;0
2003 38 4;536;039033740161;10;0;1;0;0;0
2003 38 4;537;039033810223;10;0;0;1;0;0
2003 38 4;538;039033841146;10;0;0;0;0;0
2003 38 4;539;039033840913;10;1;0;0;0;1
2003 38 4;540;039033741188;13;0;0;0;0;0
2003 38 4;541;039033831395;13;0;0;0;0;0
2003 38 4;542;039033750252;13;0;0;0;0;0
2003 38 4;543;039033840902;10;1;0;0;0;1
2003 38 4;544;039033841392;1;0;0;0;0;0
2003 38 4;545;039033740815;1;0;0;0;0;0
2003 38 4;546;039033841175;1;0;0;0;0;0
2003 38 4;547;039033840815;5;1;0;0;0;1
2003 38 4;548;039033730580;5;0;0;0;0;0
2003 38 4;549;039033650090;5;0;0;0;1;0
2003 38 4;550;039033831026;5;1;0;0;0;0
2003 38 4;551;039033741466;6;0;0;0;0;1
2003 38 4;552;039033841055;6;0;0;0;0;0
2003 38 4;553;039033841114;6;0;0;0;0;0
2003 38 4;554;039033830978;6;1;0;0;0;0
2003 38 4;555;039033740285;6;0;0;0;0;1
2003 38 4;556;039033740625;9;0;0;0;0;0
2003 38 4;557;039033831064;9;1;0;0;0;0
2003 38 4;558;039033740769;9;0;0;0;0;0
2003 38 4;559;039033740727;9;0;0;0;0;0
2003 38 4;560;039033741240;9;0;0;0;0;1
2003 38 4;561;039033831042;9;1;0;0;0;0
2003 38 4;562;039033740292;9;0;0;0;0;0
2003 38 4;563;039033740010;9;0;1;1;0;0
2003 38 4;564;039033831003;9;1;0;0;0;0
2003 38 4;565;039033740767;9;0;0;0;0;0
2003 38 4;566;039033741128;9;0;0;0;0;1
2003 38 4;567;039033831071;9;1;0;0;0;0
2003 38 4;568;039033741223;9;0;0;0;0;0
2003 38 4;569;039033740308;9;0;0;0;0;0
2003 38 4;570;039033830977;9;1;0;0;0;0
2003 38 4;571;039033520125;3;0;0;0;1;1
2003 38 4;572;039033730417;3;0;0;0;0;0
2003 38 4;573;039033730403;3;1;0;0;0;0
2003 38 4;574;039033810277;3;0;0;0;0;0
2003 38 4;575;039033740627;3;0;0;0;0;1
2003 38 4;576;039033750104;3;1;0;0;0;0
2003 38 4;577;039033730710;9;0;0;0;0;0
2003 38 4;578;039033730383;9;0;0;0;0;0
2003 38 4;579;039033840729;9;1;0;0;0;1
2003 38 4;580;039033730380;9;0;0;0;0;0
2003 38 4;581;039033831084;9;0;0;0;0;0
2003 38 4;582;039033841117;6;0;0;0;0;0
2003 38 4;583;039033840947;6;1;0;0;0;1
2003 38 4;584;039033841024;6;0;0;0;0;0
2003 38 4;585;039033841051;6;0;0;0;0;0
2003 38 4;586;039033830973;6;1;0;0;0;0
2003 38 4;587;039033740432;6;0;0;0;0;1
2003 38 4;588;039033841121;6;0;0;0;0;0
2003 38 4;589;039033830980;9;1;0;0;0;0
2003 38 4;590;039033450681;9;0;0;0;1;0
2003 38 4;591;039033741618;1;0;1;1;0;1
2003 38 4;592;039033750018;1;1;0;0;0;0
2003 38 4;593;039033841044;1;0;0;0;0;0
2003 38 4;594;039033841147;1;0;0;0;0;0
2003 38 4;595;039033840723;9;1;0;0;0;1
2003 38 4;596;039033831354;9;0;0;0;0;0
2003 38 4;597;039033730802;9;0;0;0;0;0
2003 38 4;598;039033840680;9;1;0;0;0;1
2003 38 4;599;039033831358;9;0;0;0;0;0
2003 38 4;600;039033831007;9;0;0;0;0;0
2003 38 4;601;039033830199;9;0;0;0;0;0
2003 38 4;602;039033840705;9;1;0;0;0;1
2003 38 4;603;039033730786;9;0;0;0;0;0
2003 38 4;604;039033830981;9;0;0;0;0;0
2003 38 4;605;039033831075;9;1;0;0;0;0
2003 38 4;606;039033730337;7;0;0;0;0;1
2003 38 4;607;039033710522;8;0;0;0;1;0
2003 38 4;608;039033831009;8;0;0;0;0;0
2003 38 4;609;039033831199;13;1;0;0;0;0
2003 38 4;610;039033730803;7;0;0;0;0;1
2003 38 4;611;039033730287;7;0;0;0;0;0
2003 38 4;612;039033830982;7;0;0;0;0;0
2003 38 4;613;039033831343;7;0;0;0;0;0
2003 38 4;614;039033840846;7;1;0;0;0;1
2003 38 4;615;039033750250;13;0;0;0;0;0
2003 38 4;616;039033730523;13;0;0;0;0;0
2003 38 4;617;039033740045;13;0;1;1;0;0
2003 38 4;618;039033730652;13;0;0;0;0;0
2003 38 4;619;039033840875;10;1;0;0;0;1
2003 38 4;620;039033741456;4;0;0;0;0;0
2003 38 4;621;039033831317;11;0;0;0;0;0
2003 38 4;622;039033831167;11;0;0;0;0;0
2003 38 4;623;039033840919;11;1;0;0;0;1
2003 38 4;624;039033841013;11;0;0;0;0;0
2003 38 4;625;039033640290;11;0;0;0;1;0
2003 38 4;626;039033840937;11;1;0;0;0;1
2003 38 4;627;039033831205;8;0;0;0;0;0
2003 38 4;628;039033831320;8;0;0;0;0;0
2003 38 4;629;039033750075;14;1;0;0;0;0
2003 38 4;630;039033841148;10;0;0;0;0;0
2003 38 4;631;039033741214;10;0;0;0;0;1
2003 38 4;632;039033750068;13;1;0;0;0;0
2003 38 4;633;039033831006;13;0;0;0;0;0
2003 38 4;634;039033831098;13;0;0;0;0;0
2003 38 4;635;039033840933;11;1;0;0;0;1
2003 38 4;636;039033741525;14;0;0;0;0;0
2003 38 4;637;039033830989;14;0;0;0;0;0
2003 38 4;638;039033831416;14;0;0;0;0;0
2003 38 4;639;039033740112;12;1;0;0;0;1
2003 38 4;640;039033730609;8;0;0;0;0;0
2003 38 4;641;039033730050;8;0;0;0;0;0
2003 38 4;642;039033831067;8;1;0;0;0;0
2003 38 4;643;039033750169;8;0;0;0;1;0
2003 38 4;644;039033810112;9;0;1;0;0;1
2003 38 4;645;039033750097;9;1;0;1;0;0
2003 38 4;646;039033831367;9;0;0;0;0;0
2003 38 4;647;039033831402;2;0;0;0;0;0
2003 38 4;648;039033840894;10;1;0;0;0;1
2003 38 4;649;039033650433;3;0;0;0;0;0
2003 38 4;650;039033741531;3;0;0;0;0;0
2003 38 4;651;039033750102;3;1;0;0;0;0
2003 38 4;652;039033741345;3;0;0;0;0;0
2003 38 4;653;039033730258;3;0;0;0;0;0
2003 38 4;654;039033810129;3;0;0;0;0;0
2003 38 4;655;039033740234;3;1;0;0;0;1
2003 38 4;656;039033730550;3;0;0;0;0;0
2003 38 4;657;039033730668;3;0;0;0;0;0
2003 38 4;658;039033830972;3;1;0;0;0;1
2003 38 4;659;039033831451;3;0;0;0;0;0
2003 38 4;660;039033831014;3;0;0;0;0;0
2003 38 4;661;039033841036;1;0;0;0;0;0
2003 38 4;662;039033840758;1;1;0;0;0;1
2003 38 4;663;039033740031;1;0;0;0;1;0
2003 38 4;664;039033841101;1;0;0;0;0;0
2003 38 4;665;039033750015;1;1;0;0;0;0
2003 38 4;666;039033830148;1;0;0;0;0;1
2003 38 4;667;039033841042;1;0;0;0;0;0
2003 38 4;668;039033741365;1;1;0;0;0;0
2003 38 4;669;039033831661;12;0;0;0;0;0
2003 38 4;670;039033831092;12;0;0;0;0;0
2003 38 4;671;039033730542;6;1;1;1;0;1
2003 38 4;672;039033841049;6;0;0;0;0;0
2003 38 4;673;039033741368;6;0;0;0;0;0
2003 38 4;674;039033750200;6;1;0;0;0;0
2003 38 4;675;039033840649;6;0;0;0;0;1
2003 38 4;676;039033841023;6;0;0;0;0;0
2003 38 4;677;039033750017;6;1;0;0;0;0
2003 38 4;678;039033740622;6;0;0;0;0;0
2003 38 4;679;039033740613;5;0;0;0;0;1
2003 38 4;680;039033730771;5;0;0;0;0;0
2003 38 4;681;039033831066;5;1;0;0;0;0
2003 38 4;682;039033730353;5;0;0;0;0;0
2003 38 4;683;039033831046;5;0;0;0;1;1
2003 38 4;684;039033831010;3;0;0;0;0;0
2003 38 4;685;039033750164;3;1;0;0;0;0
2003 38 4;686;039033730461;3;0;0;0;0;0
2003 38 4;687;039033730797;1;0;1;0;0;1
2003 38 4;688;039033841109;1;1;0;0;0;0
2003 38 4;689;039033841020;1;0;0;0;0;0
2003 38 4;690;039033841142;1;0;0;0;0;0
2003 38 4;691;039033840755;1;1;0;0;0;1
2003 38 4;692;039033841141;1;0;0;0;0;0
2003 38 4;693;039033841150;1;0;0;0;0;0
2003 38 4;694;039033840783;1;1;0;0;0;1
2003 38 4;695;039033831217;13;0;0;0;0;0
2003 38 4;696;039033730608;13;0;0;0;0;0
2003 38 4;697;039033831360;13;0;0;0;0;0
2003 38 4;698;039033840880;10;1;0;0;0;1
2003 38 4;699;039033841124;5;0;0;0;0;0
2003 38 4;700;039033841220;5;0;0;0;0;0
2003 38 4;701;039033750149;5;0;0;0;1;0
2003 38 4;702;039033840685;9;1;0;0;0;1
2003 38 4;703;039033730721;9;0;0;0;0;0
2003 38 4;704;039033831058;9;0;0;0;0;0
2003 38 4;705;039033750098;9;1;0;1;0;0
2003 38 4;706;039033741333;9;0;0;0;0;1
2003 38 4;707;039033831324;9;0;0;0;0;0
2003 38 4;708;039033831332;9;0;0;0;0;0
2003 38 4;709;039033750065;9;1;0;0;0;0
2003 38 4;710;039033831374;9;0;0;0;0;0
2003 38 4;711;039033810165;9;0;1;0;0;1
2003 38 4;712;039033750064;9;1;0;0;0;0
2003 38 4;713;039033831271;9;0;0;0;0;0
2003 38 4;714;039033841014;11;0;0;0;0;0
2003 38 4;715;039033840935;11;1;0;0;0;1
2003 38 4;716;039033740810;11;0;0;0;0;0
2003 38 4;717;039033741546;11;0;0;0;0;0
2003 38 4;718;039033741541;11;1;0;0;0;0
2003 38 4;719;039033741430;13;0;0;0;1;0
2003 38 4;720;039033730361;13;0;0;0;0;0
2003 38 4;721;039033841061;9;1;0;0;0;1
2003 38 4;722;039033831361;9;0;0;0;0;0
2003 38 4;723;039033550374;9;0;0;0;0;0
2003 38 4;724;039033750021;9;1;0;0;0;0
2003 38 4;725;039033740611;9;0;0;0;0;1
2003 38 4;726;039033831015;3;0;0;0;0;0
2003 38 4;727;039033750067;3;1;0;0;0;0
2003 38 4;728;039033420673;8;0;0;0;0;0
2003 38 4;729;039033840601;8;0;0;0;0;0
2003 38 4;730;039033841025;8;0;0;0;0;0
2003 38 4;731;039033840883;10;1;0;0;0;1
2003 38 4;732;039033740578;10;0;0;0;0;0
2003 38 4;733;039033840638;10;0;0;1;0;0
2003 38 4;734;039033750063;9;1;0;0;0;0
2003 38 4;735;039033741023;13;0;0;0;0;1
2003 38 4;736;039033741429;13;0;0;0;1;0
2003 38 4;737;039033730549;13;0;0;0;0;0
2003 38 4;738;039033831299;13;0;1;0;0;0
2003 38 4;739;039033840899;10;1;0;0;0;1
2003 38 4;740;039033831357;13;0;0;0;0;0
2003 38 4;741;039033831318;13;0;0;0;0;0
2003 38 4;742;039033750248;13;0;0;0;0;0
2003 38 4;743;039033730362;13;0;0;0;0;0
2003 38 4;744;039033840934;11;1;0;0;0;1
2003 38 4;745;039033841115;11;0;0;0;0;0
2003 38 4;746;039033831378;9;0;0;0;0;0
2003 38 4;747;039033730324;9;0;0;0;0;0
2003 38 4;748;039033840720;9;1;0;0;0;1
2003 38 4;749;039033740710;13;0;0;0;0;0
2003 38 4;750;039033740711;13;0;0;0;0;0
2003 38 4;751;039033750069;13;1;0;0;0;0
2003 38 4;752;039033750183;13;0;0;0;1;0
2003 38 4;753;039033841222;13;0;0;0;0;0
2003 38 4;754;039033840679;9;1;0;0;0;1
2003 38 4;755;039033730486;9;0;0;0;0;0
2003 38 4;756;039033730838;9;0;0;0;0;0
2003 38 4;757;039033831316;9;0;0;0;0;0
2003 38 4;758;039033840742;9;1;0;0;0;1
2003 38 4;759;039033730521;9;0;0;0;0;0
2003 38 4;760;039033730448;9;0;0;0;0;0
2003 38 4;761;039033730518;9;0;0;0;0;0
2003 38 4;762;039033750020;9;1;0;0;0;0
2003 38 4;763;039033730538;1;0;0;1;0;0
2003 38 4;764;039033730345;9;0;1;0;0;1
2003 38 4;765;039033741412;9;1;0;0;0;0
2003 38 4;766;039033730039;9;0;0;0;0;0
2003 38 4;767;039033740764;9;0;0;0;0;0
2003 38 4;768;039033841048;9;1;0;0;0;1
2003 38 4;769;039033740325;9;0;0;0;0;0
2003 38 4;770;039033730284;9;0;0;0;1;0
2003 38 4;771;039033050150;9;1;0;0;0;0
2003 38 4;772;039033841198;9;0;0;0;0;1
2003 38 4;773;039033841037;9;0;0;0;0;0
2003 38 4;774;039033841098;9;0;0;0;0;0
2003 38 4;775;039033840687;9;1;0;0;0;1
2003 38 4;776;039033841129;9;0;0;0;0;0
2003 38 4;777;039033841050;9;0;0;0;0;0
2003 38 4;778;039033840694;9;1;0;0;0;1
2003 38 4;779;039033841035;9;0;0;0;0;0
2003 38 4;780;039033730504;7;0;0;0;0;0
2003 38 4;781;039033831472;7;0;0;0;0;0
2003 38 4;782;039033840850;7;1;0;0;0;1
2003 38 4;783;039033750153;7;0;0;0;0;0
2003 38 4;784;039033640224;7;0;0;0;0;0
2003 38 4;785;039033920222;7;0;0;0;0;0
2003 38 4;786;039033840847;7;1;0;0;0;1
2003 38 4;787;039033740282;7;0;0;0;0;0
2003 38 4;788;039033831045;9;0;0;0;1;0
2003 38 4;789;039033841204;9;1;0;0;0;0
2003 38 4;790;039033740540;9;0;0;1;0;1
2003 38 4;791;039033841054;9;0;0;0;0;0
2003 38 4;792;039033741256;9;1;0;0;0;0
2003 38 4;793;039033841100;9;0;0;0;0;0
2003 38 4;794;039033631241;9;0;1;0;0;1
2003 38 4;795;039033841040;9;0;0;0;0;0
2003 38 4;796;039033740552;9;1;0;0;0;0
2003 38 4;797;039033841205;9;0;0;0;0;0
2003 38 4;798;039033841221;9;0;0;0;0;0
2003 38 4;799;039033840718;9;1;0;0;0;1
2003 38 4;800;039033831085;12;0;0;0;0;0
2003 38 4;801;039033831163;12;0;0;0;0;0
2003 38 4;802;039033850097;12;0;0;0;0;0
2003 38 4;803;039033840839;7;1;0;0;0;1
2003 38 4;804;039033841112;7;0;0;0;0;0
2003 38 4;805;039033841102;7;0;0;0;0;0
2003 38 4;806;039033841018;5;0;0;0;0;0
2003 38 4;807;039033740563;5;1;0;0;0;0
2003 38 4;808;039033831099;7;0;0;0;0;1
2003 38 4;809;039033841140;7;0;0;0;0;0
2003 38 4;810;039033740587;13;1;0;0;1;0
2003 38 4;811;039033841094;13;0;0;0;0;0
2003 38 4;812;039033841041;13;0;0;0;0;0
2003 38 4;813;039033840892;10;1;0;0;0;1
2003 38 4;814;039033841139;7;0;0;0;0;0
2003 38 4;815;039033841015;7;0;0;0;0;0
2003 38 4;816;039033831078;7;1;0;0;0;0
2003 38 4;817;039033741237;7;0;0;0;0;1
2003 38 4;818;039033841017;5;0;0;0;0;0
2003 38 4;819;039033741367;5;1;0;0;0;0
2003 38 4;820;039033840015;12;0;0;0;0;0
2003 38 4;821;039033741319;12;0;0;0;0;1
2003 38 4;822;039033841062;5;1;0;0;0;0
2003 38 4;823;039033730143;5;0;1;1;0;0
2003 38 4;824;039033740651;5;0;0;0;0;0
2003 38 4;825;039033840841;7;1;0;0;0;1
2003 38 4;826;039033841016;7;0;0;0;0;0
2003 38 4;827;039033740724;7;0;0;0;0;0
2003 38 4;828;039033750016;7;1;0;0;0;0
2003 38 4;829;039033650341;7;0;0;0;0;0
2003 38 4;830;039033750195;10;0;0;0;1;1
2003 38 4;831;039033841107;10;1;0;0;0;0
2003 38 4;832;039033740747;10;0;0;0;0;0
2003 38 4;833;039033740750;10;0;0;0;0;0
2003 38 4;834;039033840885;10;1;0;0;0;1
2003 38 4;835;039033750369;14;0;0;0;0;0
2003 38 4;836;039033831270;14;0;0;0;0;0
2003 38 4;837;039033750107;2;1;0;0;0;0
2003 38 4;838;039033650355;12;0;0;0;0;1
2003 38 4;839;039033831082;3;0;0;0;0;0
2003 38 4;840;039033750103;3;1;0;0;0;0
2003 38 4;841;039033841177;9;0;0;0;0;0
2003 38 4;842;039033841058;9;0;0;0;0;1
2003 38 4;843;039033841143;9;0;0;0;0;0
2003 38 4;844;039033740781;9;1;0;0;0;0
2003 38 4;845;039033841026;8;0;0;0;0;0
2003 38 4;846;039033740076;8;0;0;0;0;1
2003 38 4;847;039033741420;8;0;0;0;0;0
2003 38 4;848;039033511398;8;0;0;0;1;0
2003 38 4;849;039033750022;6;1;0;0;0;0
2003 38 4;850;039033730752;6;0;1;0;0;1
2003 38 4;851;039033741524;13;0;0;1;0;0
2003 38 4;852;039033841123;13;0;0;0;0;0
2003 38 4;853;039033840872;10;1;0;0;0;1
2003 38 4;854;039033841065;10;0;0;0;0;0
2003 38 4;855;039033841064;10;0;0;0;0;0
2003 38 4;856;039033840996;10;1;0;0;0;0
2003 38 4;857;039033740086;2;0;0;0;0;1
2003 38 4;858;039033730809;2;0;0;0;0;0
2003 38 4;859;039033831018;2;0;0;0;0;0
2003 38 4;860;039033750106;2;1;0;0;0;0
2003 38 4;861;039033741090;2;0;0;0;0;1
2003 38 4;862;039033831207;2;0;0;0;0;0
2003 38 4;863;039033750184;2;1;0;0;0;0
2003 38 4;864;039033841028;2;0;0;0;0;0
2003 38 4;865;039033841021;9;0;0;0;0;0
2003 38 4;866;039033840752;9;1;0;0;0;1
2003 38 4;867;039033830974;9;0;0;0;1;0
2003 38 4;868;039033841022;9;0;0;0;0;0
2003 38 4;869;039033841099;9;1;0;0;0;0
2003 38 4;870;039033841032;13;0;0;0;0;0
2003 38 4;871;039033841046;13;0;0;0;0;0
2003 38 4;872;039033841001;13;0;0;0;0;1
2003 38 4;873;039033750074;13;1;0;0;0;0
2003 38 4;874;039033841012;13;0;0;0;0;0
2003 38 4;875;039033841154;13;0;0;0;0;0
2003 38 4;876;039033330458;13;0;1;1;0;1
2003 38 4;877;039033750135;13;1;0;0;0;0
2003 38 4;878;039033841137;13;0;0;0;0;0
2003 38 4;879;039033841011;13;0;0;0;0;0
2003 38 4;880;039033840787;1;1;0;0;0;1
2003 38 4;881;039033841138;13;0;0;0;0;0
2003 38 4;882;039033841151;13;0;0;0;0;0
2003 38 4;883;039033841162;13;0;0;0;0;0
2003 38 4;884;039033741003;13;1;0;0;0;1
2003 38 4;885;039033831048;13;0;0;0;1;0
2003 38 4;886;039033841161;13;0;0;0;0;0
2003 38 4;887;039033841110;13;1;0;0;0;0
2003 38 4;888;039033841128;13;0;0;0;0;0
2003 38 4;889;039033741292;13;0;0;0;0;0
2003 38 4;890;039033840914;10;1;0;0;0;1
2003 38 4;891;039033841039;9;0;0;0;0;0
2003 38 4;892;039033740686;9;0;0;0;0;0
2003 38 4;893;039033841111;9;1;0;0;0;0
2003 38 4;894;039033841145;9;0;0;0;0;0
2003 38 4;895;039033841127;9;0;0;0;0;0
2003 38 4;896;039033840746;9;1;0;0;0;1
2003 38 4;897;039033741317;8;0;0;0;0;0
2003 38 4;898;039033730163;8;0;1;1;0;0
2003 38 4;899;039033740372;9;0;0;0;0;0
2003 38 4;900;039033740678;9;0;0;0;0;0
2003 38 4;901;039033750762;9;0;0;0;0;1
2003 38 4;902;039033841090;9;1;0;0;0;0
2003 38 4;903;039033741305;9;0;0;0;0;0
2003 38 4;904;039033830182;9;0;0;0;1;0
2003 38 4;905;039033841113;9;0;0;0;0;1
2003 38 4;906;039033841045;9;1;0;0;0;0
2003 38 4;907;039033841144;9;0;0;0;0;0
2003 38 4;908;039033740679;9;0;0;0;0;0
2003 38 4;909;039033840683;9;1;0;0;0;1
2003 38 4;910;039033741475;9;0;0;0;0;0
2003 38 4;911;039033741329;9;0;0;0;0;0
2003 38 4;912;039033740685;9;0;0;0;0;0
2003 38 4;913;039033840709;9;1;0;0;0;1
2003 38 4;914;039033740671;9;0;0;0;0;0
2003 38 4;915;039033841159;9;0;0;0;0;0
2003 38 4;916;039033841108;9;1;0;0;0;0
2003 38 4;917;039033841097;9;0;0;0;0;1
2003 38 4;918;039033740754;3;0;0;0;0;0
2003 38 4;919;039033750066;3;1;0;0;0;0
2003 38 4;920;039033841030;3;0;0;0;0;0
2003 38 4;921;039033740431;10;0;0;0;0;1
2003 38 4;922;039033740624;10;1;0;0;1;0
2003 38 4;923;039033740709;13;0;0;0;0;0
2003 38 4;924;039033741498;8;0;0;0;0;0
2003 38 4;925;039033710147;8;1;1;1;0;1
2003 38 4;926;039033740743;8;0;0;0;0;0
2003 38 4;927;039033740735;8;0;0;0;0;0
2003 38 4;928;039033841157;8;1;0;0;0;0
2003 38 4;929;039033831183;8;0;0;0;0;1
2003 38 4;930;039033911377;8;0;0;0;0;0
2003 38 4;931;039033841091;9;1;0;0;0;0
2003 38 4;932;039033841133;9;0;0;0;0;0
2003 38 4;933;039033841119;9;0;0;0;0;0
2003 38 4;934;039033840740;9;1;0;0;0;1
2003 38 4;935;039033831258;14;0;0;0;0;0
2003 38 4;936;039033841149;14;0;0;0;0;0
2003 38 4;937;039033840917;10;1;0;0;0;1
2003 38 4;938;039033640502;10;0;0;0;1;0
2003 38 4;939;039033740662;1;0;0;0;0;0
2003 38 4;940;039033841019;1;0;0;0;0;0
2003 38 4;941;039033740295;1;0;0;0;0;1
2003 38 4;942;039033841053;1;1;0;0;0;0
2003 38 4;943;039033740655;1;0;0;0;0;0
2003 38 4;944;039033740614;1;0;0;0;0;0
2003 38 4;945;039033840763;1;1;0;0;0;1
2003 38 4;946;039033740340;1;0;0;0;0;0
2003 38 4;947;039033740659;1;0;0;0;0;0
2003 38 4;948;039033740799;3;1;0;0;0;0
2003 38 4;949;039033841176;3;0;0;0;0;0
2003 38 4;950;039033841122;9;0;0;0;0;0
2003 38 4;951;039033840737;9;1;0;0;0;1
2003 38 4;952;039033841160;9;0;0;0;0;0
2003 38 4;953;039033831047;1;0;1;1;0;0
2003 38 4;954;039033830124;6;1;0;0;1;0