Date;SeqRank;Ident;Paint Color;HPRC1;HPRC2;HPRC3;HPRC4;HPRC5;LPRC1;LPRC2;LPRC3;LPRC4;LPRC5;LPRC6;LPRC7;LPRC8
2003 38 4;1247;024033740340;1;1;0;1;0;0;0;0;0;0;0;0;0;0
2003 38 4;1248;024033810969;2;1;0;1;0;0;0;0;0;0;0;0;0;0
2003 38 4;1249;024033830271;2;0;0;0;1;0;0;0;0;1;0;0;1;0
2003 38 4;1250;024033750156;3;1;0;1;0;0;0;0;0;0;1;1;0;0
2003 38 4;1251;024033810876;3;1;0;1;0;0;0;0;0;0;0;0;0;0
2003 38 4;1252;024033830855;3;0;0;0;0;1;0;0;0;0;0;0;0;0
2003 38 4;1253;024033740604;3;1;0;1;0;0;0;0;0;0;0;0;0;0
2003 38 4;1254;024033750159;3;1;0;1;0;0;0;0;0;0;1;1;0;0
2003 38 4;1255;024033830267;4;0;0;0;1;0;0;0;0;1;0;0;1;0
2003 38 4;1256;024033740365;5;1;0;1;0;0;0;0;0;0;0;0;0;0
2003 38 4;1257;024033810485;5;1;0;1;0;0;0;0;0;0;0;0;0;0
2003 38 4;1258;024033830820;3;0;0;0;0;1;0;0;0;0;0;0;0;0
2003 38 4;1259;024033740468;3;1;0;1;0;0;0;0;0;0;0;0;0;0
2003 38 4;1260;024033750177;3;1;0;1;0;0;0;0;0;0;1;1;0;0
2003 38 5;1;024033830238;6;1;0;1;0;0;0;0;0;0;0;0;0;0
2003 38 5;2;024033821134;3;0;0;0;1;0;0;0;0;0;0;1;0;0
2003 38 5;3;024033820812;1;1;0;1;0;0;0;0;0;0;0;0;0;0
2003 38 5;4;024033830682;1;0;0;0;0;1;0;1;0;0;0;0;0;0
2003 38 5;5;024033740080;7;1;0;0;0;0;0;0;0;1;0;0;1;0
2003 38 5;6;024033821044;7;0;1;1;0;0;0;0;0;0;0;0;0;0
2003 38 5;7;024033810938;8;1;0;1;0;0;0;0;0;0;0;0;0;0
2003 38 5;8;024033820181;8;0;0;0;0;1;0;1;0;0;0;0;0;0
2003 38 5;9;024033830906;7;1;0;1;0;0;0;0;0;0;0;0;0;0
2003 38 5;10;024033750201;6;0;0;0;1;0;0;0;1;0;0;1;0;0
2003 38 5;11;024033750571;9;1;0;1;0;0;0;0;0;0;0;0;0;0
2003 38 5;12;024033821224;1;1;0;1;0;0;0;0;0;0;0;0;0;0
2003 38 5;13;024033830778;10;0;0;0;0;1;0;1;0;0;0;0;0;0
2003 38 5;14;024033811214;10;1;0;1;0;0;0;0;0;0;1;0;0;0
2003 38 5;15;024033710219;1;1;0;1;0;0;0;0;0;0;0;0;0;0
2003 38 5;16;024033820182;1;0;0;0;0;1;0;0;0;0;0;0;0;0
2003 38 5;17;024033811260;1;1;0;1;0;0;0;0;0;0;0;0;0;0
2003 38 5;18;024033830888;3;0;0;1;1;0;0;0;0;0;0;1;0;0
2003 38 5;19;024033811072;2;1;0;0;0;0;0;0;0;1;0;0;1;0
2003 38 5;20;024033820613;2;1;0;1;0;0;0;0;0;0;1;0;0;0
2003 38 5;21;024033840115;1;0;0;1;0;1;0;0;0;0;0;0;0;0
2003 38 5;22;024033810867;1;1;0;0;0;0;0;0;0;0;0;0;0;0
2003 38 5;23;024033821216;1;1;0;1;0;0;0;0;0;0;0;0;0;0
2003 38 5;24;024033840780;6;0;0;1;1;0;0;0;0;0;0;1;0;0
2003 38 5;25;024033740442;6;1;0;0;0;0;0;0;0;0;0;0;0;0
2003 38 5;26;024033811293;6;0;0;1;0;1;0;0;0;0;0;0;0;0
2003 38 5;27;024033730158;6;1;0;1;0;0;0;0;0;0;0;0;0;0
2003 38 5;28;024033741040;7;1;0;0;0;0;0;0;0;1;0;0;1;0
2003 38 5;29;024033830952;7;0;1;1;0;0;0;0;0;0;0;0;0;0
2003 38 5;30;024033820926;7;1;0;1;0;0;0;0;0;0;0;0;0;0
2003 38 5;31;024033820883;1;0;0;0;0;1;0;0;0;0;0;0;0;0
2003 38 5;32;024033730060;1;1;0;1;0;0;0;0;1;0;1;1;0;0
2003 38 5;33;024033820401;1;1;0;0;0;0;0;0;0;0;0;0;0;0
2003 38 5;34;024033840820;1;0;0;1;1;0;0;0;0;0;0;0;0;0
2003 38 5;35;024033540754;1;1;0;1;0;0;0;0;0;0;0;0;0;0
2003 38 5;36;024033820179;11;0;0;0;0;1;0;0;0;0;0;0;0;0
2003 38 5;37;024033830059;5;1;0;1;0;0;0;0;0;0;0;0;0;0
2003 38 5;38;024033820976;5;1;0;0;0;0;0;1;0;0;1;0;0;0
2003 38 5;39;024033820539;3;0;0;1;1;0;0;0;0;0;0;0;0;0
2003 38 5;40;024033830782;3;1;0;1;0;0;0;0;0;0;0;0;0;0
2003 38 5;41;024033720206;3;0;0;0;0;1;0;0;0;0;0;0;0;0
2003 38 5;42;024033830007;6;1;0;1;0;0;0;0;0;0;0;0;0;0
2003 38 5;43;024033820177;6;1;0;1;0;0;0;1;0;0;0;1;0;1
2003 38 5;44;024033630887;6;1;0;0;0;0;0;0;0;0;0;0;0;0
2003 38 5;45;024033840765;4;0;0;1;1;0;0;0;0;1;0;0;1;0
2003 38 5;46;024033820581;4;1;0;1;0;0;0;0;0;0;0;0;0;0
2003 38 5;47;024033820816;11;1;0;0;0;0;0;0;0;0;1;0;0;0
2003 38 5;48;024033720052;11;0;0;1;0;1;0;0;0;0;0;0;0;0
2003 38 5;49;024033820045;11;1;0;1;0;0;0;0;0;0;0;0;0;0
2003 38 5;50;024033820165;11;1;0;0;0;0;0;0;0;0;0;0;0;0
2003 38 5;51;024033840764;9;0;0;1;1;0;0;0;0;0;0;1;0;0
2003 38 5;52;024033740537;5;1;0;1;0;0;0;0;0;0;0;0;0;0
2003 38 5;53;024033820271;5;1;0;0;0;0;0;0;0;1;0;0;1;0
2003 38 5;54;024033830286;5;0;0;1;0;1;0;0;0;0;0;0;0;0
2003 38 5;55;024033720210;5;1;0;1;0;0;0;0;0;0;0;0;0;0
2003 38 5;56;024033820837;5;1;0;0;0;0;0;0;0;1;0;0;1;0
2003 38 5;57;024033840825;9;0;1;1;0;0;0;0;0;0;0;0;0;0
2003 38 5;58;024033740560;9;1;0;1;0;0;0;0;0;0;0;0;0;0
2003 38 5;59;024033821197;11;0;0;0;0;1;0;1;0;0;0;0;0;0
2003 38 5;60;024033820555;11;1;0;1;0;0;0;0;0;0;0;0;0;0
2003 38 5;61;024033821167;3;0;0;1;1;0;0;0;0;0;0;1;0;0
2003 38 5;62;024033830704;3;1;0;0;0;0;0;0;0;0;0;0;0;0
2003 38 5;63;024033811371;2;1;0;1;0;0;0;0;0;0;1;0;0;0
2003 38 5;64;024033740379;2;1;0;1;0;0;0;0;0;0;0;0;0;0
2003 38 5;65;024033830741;1;0;0;0;0;1;0;1;0;0;0;0;0;0
2003 38 5;66;024033821188;1;1;0;0;0;0;0;0;0;0;0;0;0;0
2003 38 5;67;024033740661;3;1;0;1;0;0;0;0;0;0;0;0;0;0
2003 38 5;68;024033830714;3;1;0;1;0;0;0;0;0;0;0;0;0;0
2003 38 5;69;024033820156;3;0;0;0;1;0;0;0;0;1;0;1;1;0
2003 38 5;70;024033821083;3;1;0;1;0;0;0;0;0;0;0;0;0;0
2003 38 5;71;024033710280;1;1;0;1;0;0;0;1;0;0;0;0;0;0
2003 38 5;72;024033821139;1;0;0;0;0;1;0;0;0;0;0;0;0;0
2003 38 5;73;024033821171;1;1;0;1;0;0;0;0;0;0;0;0;0;0
2003 38 5;74;024033830707;1;1;0;1;0;0;0;0;0;0;0;0;0;0
2003 38 5;75;024033820149;1;0;0;0;1;0;0;0;0;0;0;0;0;0
2003 38 5;76;024033740593;1;1;0;1;0;0;0;0;0;0;0;0;0;0
2003 38 5;77;024033830004;1;0;0;1;0;1;0;0;0;0;0;0;0;0
2003 38 5;78;024033840789;1;1;0;0;0;0;0;0;0;0;0;0;0;0
2003 38 5;79;024033821148;5;1;0;1;0;0;0;0;0;0;0;1;0;0
2003 38 5;80;024033740380;5;0;0;1;0;1;0;0;0;0;0;0;0;0
2003 38 5;81;024033811352;6;1;0;0;0;0;0;0;0;0;1;0;0;0
2003 38 5;82;024033821166;6;1;0;1;0;0;0;0;0;0;0;0;0;0
2003 38 5;83;024033740310;7;0;1;1;0;0;0;0;0;0;0;0;0;0
2003 38 5;84;024033830882;10;1;0;0;0;0;0;0;0;1;0;0;1;0
2003 38 5;85;024033740090;10;0;0;1;0;1;0;0;0;0;0;0;0;0
2003 38 5;86;024033820173;10;1;0;1;0;0;0;0;0;0;0;0;0;0
2003 38 5;87;024033810988;10;1;0;0;0;0;0;1;0;0;1;0;0;0
2003 38 5;88;024033821182;3;0;0;1;1;0;0;0;0;1;0;1;1;0
2003 38 5;89;024033811207;1;1;0;0;0;0;1;0;0;0;0;0;0;0
2003 38 5;90;024033740387;1;1;0;1;0;0;0;0;0;0;0;0;0;0
2003 38 5;91;024033830715;1;0;0;0;0;1;0;0;0;0;0;0;0;0
2003 38 5;92;024033820568;1;1;0;1;0;0;0;0;0;0;0;0;0;0
2003 38 5;93;024033740312;1;0;0;1;1;0;0;0;0;1;0;0;1;0
2003 38 5;94;024033720035;1;1;0;0;0;0;0;0;0;0;1;0;0;0
2003 38 5;95;024033810953;1;1;0;1;0;0;0;0;0;0;0;0;0;0
2003 38 5;96;024033820921;1;0;0;1;0;1;0;0;0;0;0;0;0;0
2003 38 5;97;024033840795;1;1;0;0;0;0;0;0;0;1;0;0;1;0
2003 38 5;98;024033740315;1;1;0;1;0;0;0;0;0;0;0;0;0;0
2003 38 5;99;024033820548;3;0;0;1;1;0;0;1;0;0;0;1;0;1
2003 38 5;100;024033830057;11;1;0;0;0;0;0;0;0;0;0;0;0;0
2003 38 5;101;024033740048;11;1;0;1;0;0;0;0;0;0;0;0;0;0
2003 38 5;102;024033811324;10;0;0;1;0;1;0;0;0;0;0;0;0;0
2003 38 5;103;024033820855;10;1;0;0;0;0;0;1;0;0;1;0;0;0
2003 38 5;104;024033840813;7;1;0;1;0;0;0;0;0;0;0;0;0;0
2003 38 5;105;024033821226;7;0;1;1;0;0;0;0;0;0;0;0;0;0
2003 38 5;106;024033740512;5;1;0;1;0;0;0;0;0;0;0;0;0;0
2003 38 5;107;024033750478;5;0;0;0;0;1;0;1;0;0;0;0;0;0
2003 38 5;108;024033821225;3;1;0;1;0;0;0;0;0;0;0;1;0;0
2003 38 5;109;024033830708;3;0;0;1;1;0;0;0;0;1;0;0;1;0
2003 38 5;110;024033821215;12;1;0;0;0;0;0;0;0;0;0;0;0;0
2003 38 5;111;024033730242;10;1;0;1;0;0;0;0;0;0;0;0;0;0
2003 38 5;112;024033820925;10;0;0;1;0;1;0;0;0;0;0;0;0;0
2003 38 5;113;024033820590;10;1;0;0;0;0;0;0;0;0;1;0;0;0
2003 38 5;114;024033830217;10;1;0;1;0;0;0;0;0;0;0;0;0;0
2003 38 5;115;024033821175;2;0;0;1;1;0;0;0;0;0;0;0;0;0
2003 38 5;116;024033820990;2;1;0;0;0;0;0;0;0;1;0;0;1;0
2003 38 5;117;024033720051;2;1;0;1;0;0;0;1;0;0;0;1;0;1
2003 38 5;118;024033820824;9;0;0;1;0;1;0;0;0;0;0;0;0;0
2003 38 5;119;024033830868;7;1;0;0;0;0;0;0;0;1;0;0;1;0
2003 38 5;120;024033740308;7;0;1;1;0;0;0;0;0;0;0;0;0;0
2003 38 5;121;024033820157;9;1;0;1;0;0;0;0;0;0;0;0;0;0
2003 38 5;122;024033830259;8;1;0;0;0;0;0;0;0;0;0;0;0;0
2003 38 5;123;024033740337;8;0;0;1;0;1;0;0;0;0;0;0;0;0
2003 38 5;124;024033740091;3;1;0;1;0;0;0;0;1;0;1;1;0;0
2003 38 5;125;024033830887;3;1;0;0;0;0;0;0;0;0;0;0;0;0
2003 38 5;126;024033740477;3;0;0;1;1;0;0;0;0;1;0;0;1;0
2003 38 5;127;024033820202;1;1;0;1;0;0;0;0;0;0;0;0;0;0
2003 38 5;128;024033840248;1;1;0;0;0;0;0;0;0;0;0;0;0;0
2003 38 5;129;024033720263;1;0;0;1;0;1;0;0;0;0;0;0;0;0
2003 38 5;130;024033830793;1;1;0;1;0;0;0;0;0;0;0;0;0;0
2003 38 5;131;024033820540;1;1;0;0;0;0;1;0;0;0;0;0;0;0
2003 38 5;132;024033820206;2;0;0;1;1;0;0;0;0;1;0;1;1;0
2003 38 5;133;024033830794;7;1;0;1;0;0;0;0;0;0;0;0;0;0
2003 38 5;134;024033821040;7;1;0;1;0;0;0;0;0;0;0;0;0;0
2003 38 5;135;024033730308;1;0;0;0;0;1;0;1;0;0;0;0;0;0
2003 38 5;136;024033821174;9;1;0;1;0;0;0;0;0;0;0;0;0;0
2003 38 5;137;024033820580;2;1;0;1;0;0;0;0;0;0;0;0;0;0
2003 38 5;138;024033830117;2;1;0;0;0;0;0;0;0;0;1;0;0;0
2003 38 5;139;024033740317;3;0;0;1;1;0;0;0;0;0;0;1;0;0
2003 38 5;140;024033820916;5;1;0;1;0;0;0;0;0;0;0;0;0;0
2003 38 5;141;024033830706;5;1;0;0;0;0;0;0;0;1;0;0;1;0
2003 38 5;142;024033821180;5;0;0;1;0;1;0;0;0;0;0;0;0;0
2003 38 5;143;024033820583;5;1;0;1;0;0;0;0;0;0;0;0;0;0
2003 38 5;144;024033720166;2;1;0;0;0;0;0;0;0;0;0;0;0;0
2003 38 5;145;024033820938;2;0;0;1;1;0;0;0;0;1;0;0;1;0
2003 38 5;146;024033740646;2;1;0;1;0;0;0;0;0;0;0;0;0;0
2003 38 5;147;024033830901;2;1;0;0;0;0;0;0;0;0;1;0;0;0
2003 38 5;148;024033821132;9;0;0;1;0;1;0;0;0;0;0;0;0;0
2003 38 5;149;024033740383;9;1;0;1;0;0;0;1;0;0;0;0;0;0
2003 38 5;150;024033810240;10;1;0;0;0;0;0;0;0;1;0;0;1;0
2003 38 5;151;024033820935;10;1;0;1;0;0;0;0;0;0;0;1;0;0
2003 38 5;152;024033821221;10;0;0;1;0;1;0;0;0;0;0;0;0;0
2003 38 5;153;024033750967;10;1;0;0;0;0;0;0;0;0;1;0;0;0
2003 38 5;154;024033820582;3;1;0;1;0;0;0;0;0;0;0;0;0;0
2003 38 5;155;024033820802;3;0;0;1;1;0;0;0;0;0;0;0;0;0
2003 38 5;156;024033840266;3;1;0;0;0;0;0;0;0;0;0;1;0;0
2003 38 5;157;024033820939;3;0;0;0;0;1;0;0;0;0;0;0;0;0
2003 38 5;158;024033720679;3;1;0;1;0;0;0;0;0;0;0;0;0;0
2003 38 5;159;024033830790;7;0;1;1;0;0;0;0;0;0;0;0;0;0
2003 38 5;160;024033820524;7;1;0;0;0;0;0;0;0;1;0;0;1;0
2003 38 5;161;024033740516;1;1;0;1;0;0;0;0;0;0;0;0;0;0
2003 38 5;162;024033830256;1;0;0;1;0;1;0;0;0;0;0;0;0;0
2003 38 5;163;024033820153;1;1;0;0;0;0;0;0;0;1;0;0;1;0
2003 38 5;164;024033740386;10;1;0;1;0;0;0;0;0;0;0;1;0;0
2003 38 5;165;024033840769;10;1;0;1;0;0;0;0;0;0;0;0;0;0
2003 38 5;166;024033821168;10;0;0;0;1;0;0;0;0;1;0;0;1;0
2003 38 5;167;024033720086;6;1;0;1;0;0;0;0;0;0;0;0;0;0
2003 38 5;168;024033820572;6;1;0;1;0;0;0;0;0;0;1;0;0;0
2003 38 5;169;024033820750;6;0;0;0;0;1;0;1;0;0;0;0;0;0
2003 38 5;170;024033840737;6;1;0;1;0;0;0;0;0;0;0;0;0;0
2003 38 5;171;024033820974;5;1;0;1;0;0;0;0;0;0;0;0;0;0
2003 38 5;172;024033740372;5;0;0;0;1;0;0;1;0;0;0;1;0;1
2003 38 5;173;024033820078;5;1;0;1;0;0;0;0;0;0;0;0;0;0
2003 38 5;174;024033820960;5;1;0;0;0;0;1;0;0;0;0;0;0;0
2003 38 5;175;024033750299;5;0;0;1;0;1;0;0;0;0;0;0;0;0
2003 38 5;176;024033840707;5;1;0;1;0;0;0;0;0;0;0;0;0;0
2003 38 5;177;024033820587;5;1;0;0;0;0;0;0;0;1;0;0;1;0
2003 38 5;178;024033750259;3;0;0;1;1;0;0;0;0;0;0;1;0;0
2003 38 5;179;024033830028;3;1;0;1;0;0;0;0;0;0;0;0;0;0
2003 38 5;180;024033820846;10;0;0;0;0;1;0;1;0;0;0;0;0;0
2003 38 5;181;024033830223;7;0;1;1;0;0;0;0;0;0;0;0;0;0
2003 38 5;182;024033730325;7;1;0;1;0;0;0;0;0;1;0;0;1;0
2003 38 5;183;024033820588;1;1;0;0;0;0;0;0;0;0;0;0;0;0
2003 38 5;184;024033830649;1;0;0;1;0;1;0;0;0;0;0;0;0;0
2003 38 5;185;024033740478;1;1;0;1;0;0;0;0;0;0;0;0;0;0
2003 38 5;186;024033820161;11;0;0;0;1;0;0;0;0;0;0;0;0;0
2003 38 5;187;024033840196;11;1;0;1;0;0;0;0;0;0;0;0;0;0
2003 38 5;188;024033821162;11;1;0;1;0;0;0;0;0;0;0;0;0;0
2003 38 5;189;024033820558;11;0;0;0;0;1;0;1;0;0;0;0;0;0
2003 38 5;190;024033750455;3;1;0;1;0;0;0;0;1;0;1;1;0;0
2003 38 5;191;024033830646;6;1;0;0;0;0;0;0;0;0;0;0;0;0
2003 38 5;192;024033820238;6;1;0;1;0;0;0;0;0;0;0;0;0;0
2003 38 5;193;024033750007;6;0;0;1;1;0;0;0;0;1;0;0;1;0
2003 38 5;194;024033810450;6;1;0;0;0;0;0;1;0;0;0;0;0;1
2003 38 5;195;024033811140;6;1;0;1;0;0;0;0;0;0;0;0;0;0
2003 38 5;196;024033740345;6;0;0;1;0;1;0;0;0;0;0;0;0;0
2003 38 5;197;024033830260;6;1;0;0;0;0;0;0;0;0;0;0;0;0
2003 38 5;198;024033821164;3;1;0;1;0;0;0;0;0;0;0;1;0;0
2003 38 5;199;024033830605;13;0;0;1;1;0;0;0;0;1;0;0;1;0
2003 38 5;200;024033750336;13;1;0;0;0;0;0;0;0;0;1;0;0;0
2003 38 5;201;024033820877;7;0;0;1;0;1;0;0;0;0;0;0;0;0
2003 38 5;202;024033720070;7;1;0;1;0;0;0;0;0;0;0;0;0;0
2003 38 5;203;024033740031;7;1;0;0;0;0;0;0;0;1;0;0;1;0
2003 38 5;204;024033820180;7;0;1;1;0;0;0;0;0;0;0;0;0;0
2003 38 5;205;024033840786;11;0;0;0;0;1;0;1;0;0;0;0;0;0
2003 38 5;206;024033750385;3;0;0;1;1;0;0;0;0;0;0;1;0;0
2003 38 5;207;024033820399;5;1;0;1;0;0;0;0;0;0;0;0;0;0
2003 38 5;208;024033821252;5;1;0;0;0;0;0;0;0;1;0;0;1;0
2003 38 5;209;024033740336;5;1;0;1;0;0;0;0;0;0;0;0;0;0
2003 38 5;210;024033830647;5;0;0;1;0;1;0;0;0;0;0;0;0;0
2003 38 5;211;024033820184;5;1;0;1;0;0;0;0;0;1;0;0;1;0
2003 38 5;212;024033750382;5;1;0;0;0;0;0;0;0;0;1;0;0;0
2003 38 5;213;024033830807;5;0;0;1;1;0;0;0;0;0;0;1;0;0
2003 38 5;214;024033740099;5;1;0;1;0;0;0;1;0;0;0;0;0;0
2003 38 5;215;024033830166;5;1;0;0;0;0;0;0;0;0;0;0;0;0
2003 38 5;216;024033821001;5;1;0;1;0;0;0;0;0;0;0;0;0;0
2003 38 5;217;024033750359;11;0;0;1;0;1;0;0;0;0;0;0;0;0
2003 38 5;218;024033840756;11;1;0;0;0;0;0;0;0;1;0;0;1;0
2003 38 5;219;024033820120;10;1;0;1;0;0;0;0;0;0;0;0;0;0
2003 38 5;220;024033821136;10;0;0;0;1;0;0;0;0;0;0;1;0;0
2003 38 5;221;024033810139;10;1;0;1;0;0;0;0;0;0;1;0;0;0
2003 38 5;222;024033750214;10;1;0;1;0;0;0;0;0;0;0;0;0;0
2003 38 5;223;024033821128;10;0;0;0;0;1;0;1;0;0;0;0;0;0
2003 38 5;224;024033830847;10;1;0;1;0;0;0;0;0;0;0;0;0;0
2003 38 5;225;024033820872;7;0;1;1;0;0;0;0;0;0;0;0;0;0
2003 38 5;226;024033740508;2;1;0;0;0;0;0;0;0;0;0;0;0;0
2003 38 5;227;024033830216;2;1;0;1;0;0;0;0;0;0;0;0;0;0
2003 38 5;228;024033820566;2;0;0;1;1;0;0;0;0;1;0;0;1;0
2003 38 5;229;024033820190;2;1;0;0;0;0;0;1;0;0;1;0;0;0
2003 38 5;230;024033840793;2;1;0;1;0;0;0;0;0;0;0;1;0;0
2003 38 5;231;024033730321;1;0;0;0;0;1;0;0;0;0;0;0;0;0
2003 38 5;232;024033840020;13;1;0;1;0;0;0;0;0;0;0;0;0;0
2003 38 5;233;024033820188;10;1;0;1;0;0;0;0;0;0;0;0;0;0
2003 38 5;234;024033740643;10;0;0;0;1;0;0;0;0;0;0;0;0;0
2003 38 5;235;024033840709;10;1;0;1;0;0;0;0;0;0;0;0;0;0
2003 38 5;236;024033821218;10;1;0;0;0;0;0;0;0;0;1;0;0;0
2003 38 5;237;024033821173;9;0;0;1;0;1;0;1;0;0;0;0;0;1
2003 38 5;238;024033720144;9;1;0;1;0;0;0;0;0;0;0;0;0;0
2003 38 5;239;024033820954;2;1;0;0;0;0;0;0;0;0;0;0;0;0
2003 38 5;240;024033830628;2;0;0;1;1;0;0;0;0;0;0;1;0;0
2003 38 5;241;024033750578;2;1;0;0;0;0;0;0;0;0;0;0;0;0
2003 38 5;242;024033820160;2;1;0;1;0;0;0;0;0;0;0;0;0;0
2003 38 5;243;024033830066;1;0;0;0;0;1;0;0;0;0;0;0;0;0
2003 38 5;244;024033820980;11;1;0;1;0;0;0;0;0;0;0;0;0;0
2003 38 5;245;024033820556;11;1;0;0;0;0;0;1;0;0;1;0;0;0
2003 38 5;246;024033830596;11;1;0;1;0;0;0;0;0;0;0;0;0;0
2003 38 5;247;024033740882;3;0;0;1;1;0;0;0;0;0;0;1;0;0
2003 38 5;248;024033820818;10;0;0;0;0;1;0;1;0;0;0;0;0;0
2003 38 5;249;024033830249;10;1;0;0;0;0;1;0;0;0;0;0;0;0
2003 38 5;250;024033820958;10;1;0;1;0;0;0;0;0;0;0;0;0;0
2003 38 5;251;024033830908;7;0;1;1;0;0;0;0;0;0;0;0;0;0
2003 38 5;252;024033750379;10;1;0;0;0;0;0;0;0;1;0;0;1;0
2003 38 5;253;024033820158;10;0;0;1;0;1;0;0;0;0;0;0;0;0
2003 38 5;254;024033740141;10;1;0;1;0;0;0;0;0;0;0;0;0;0
2003 38 5;255;024033830541;10;1;0;0;0;0;0;0;0;0;1;0;0;0
2003 38 5;256;024033820150;4;1;0;1;0;0;0;0;0;0;0;0;0;0
2003 38 5;257;024033820984;4;0;0;1;0;1;0;0;0;0;0;0;0;0
2003 38 5;258;024033830246;12;1;0;0;0;0;0;0;0;0;0;0;0;0
2003 38 5;259;024033820290;12;0;0;1;1;0;0;0;0;0;0;1;0;0
2003 38 5;260;024033830718;12;1;0;1;0;0;0;1;0;0;0;0;0;1
2003 38 5;261;024033740427;5;1;0;0;0;0;0;0;0;1;0;0;1;0
2003 38 5;262;024033820562;10;0;0;1;0;1;0;0;0;0;0;0;0;0
2003 38 5;263;024033710400;10;1;0;1;0;0;0;0;0;0;0;0;0;0
2003 38 5;264;024033821082;10;1;0;0;0;0;0;0;0;0;0;0;0;0
2003 38 5;265;024033821125;10;0;0;1;1;0;0;0;0;0;0;1;0;0
2003 38 5;266;024033750233;1;1;0;1;0;0;0;0;0;0;0;0;0;0
2003 38 5;267;024033840736;1;1;0;0;0;0;0;0;0;0;0;0;0;0
2003 38 5;268;024033821183;9;0;0;1;0;1;0;0;0;0;0;0;0;0
2003 38 5;269;024033740393;9;0;1;1;0;0;0;0;0;0;0;0;0;0
2003 38 5;270;024033820561;6;1;0;0;0;0;0;0;0;0;1;0;0;0
2003 38 5;271;024033820197;6;1;0;1;0;0;0;0;0;0;0;0;0;0
2003 38 5;272;024033840746;6;0;0;1;1;0;0;0;0;1;0;0;1;0
2003 38 5;273;024033820874;6;1;0;0;0;0;0;0;0;0;0;0;0;0
2003 38 5;274;024033750555;6;1;0;1;0;0;0;0;0;0;0;1;0;0
2003 38 5;275;024033821213;6;0;0;1;0;1;0;0;0;0;0;0;0;0
2003 38 5;276;024033820148;6;1;0;0;0;0;0;0;0;0;0;0;0;0
2003 38 5;277;024033750966;13;1;0;1;0;0;0;0;0;0;0;0;0;0
2003 38 5;278;024033810929;13;1;0;1;0;0;0;0;0;0;0;0;0;0
2003 38 5;279;024033820407;13;0;0;0;0;1;0;0;0;0;0;0;0;0
2003 38 5;280;024033750562;13;1;0;1;0;0;0;0;0;0;0;0;0;0
2003 38 5;281;024033840806;4;1;0;0;0;0;0;0;0;0;1;0;0;0
2003 38 5;282;024033820924;5;0;0;1;1;0;0;0;0;1;0;1;1;0
2003 38 5;283;024033820176;5;1;0;0;0;0;0;1;0;0;0;0;0;0
2003 38 5;284;024033740274;7;0;1;1;0;0;0;0;0;0;0;0;0;0
2003 38 5;285;024033821097;7;1;0;1;0;0;0;0;0;0;0;0;0;0
2003 38 5;286;024033820378;11;0;0;0;0;1;0;0;0;0;0;0;0;0
2003 38 5;287;024033820205;3;1;0;1;0;0;0;0;1;0;1;1;0;0
2003 38 5;288;024033840804;3;0;0;1;1;0;0;0;0;1;0;0;1;0
2003 38 5;289;024033820489;12;1;0;0;0;0;0;0;0;0;0;0;0;0
2003 38 5;290;024033750269;8;1;0;1;0;0;0;0;0;0;0;0;0;0
2003 38 5;291;024033840690;8;0;0;1;0;1;0;0;0;0;0;0;0;0
2003 38 5;292;024033740094;6;1;0;0;0;0;0;0;0;0;0;0;0;0
2003 38 5;293;024033740364;6;1;0;1;0;0;0;0;0;0;0;0;0;0
2003 38 5;294;024033840751;6;0;0;1;1;0;0;1;0;0;0;1;0;1
2003 38 5;295;024033821184;6;1;0;0;0;0;0;0;0;0;1;0;0;0
2003 38 5;296;024033820171;3;0;0;1;0;1;0;0;0;0;0;0;0;0
2003 38 5;297;024033720048;3;1;0;1;0;0;0;0;0;0;0;0;0;0
2003 38 5;298;024033820985;7;1;0;0;0;0;0;0;0;1;0;0;1;0
2003 38 5;299;024033840763;7;0;1;1;0;0;0;0;0;0;0;0;0;0
2003 38 5;300;024033750278;1;0;0;0;1;0;0;0;0;0;0;0;0;0
2003 38 5;301;024033840109;1;1;0;1;0;0;0;0;0;0;0;0;0;0
2003 38 5;302;024033820541;1;1;0;1;0;0;0;0;0;0;0;0;0;0
2003 38 5;303;024033720170;1;0;0;0;0;1;0;0;0;0;0;0;0;0
2003 38 5;304;024033821086;1;1;0;1;0;0;0;0;0;0;0;0;0;0
2003 38 5;305;024033820957;1;1;0;1;0;0;0;0;1;0;1;1;0;0
2003 38 5;306;024033750918;1;0;0;0;1;0;0;0;0;0;0;0;0;0
2003 38 5;307;024033820811;1;1;0;1;0;0;0;0;0;0;0;0;0;0
2003 38 5;308;024033740084;1;1;0;1;0;0;0;0;0;0;0;0;0;0
2003 38 5;309;024033840201;11;0;0;0;0;1;0;1;0;0;0;0;0;0
2003 38 5;310;024033821043;11;1;0;1;0;0;0;0;0;1;0;0;1;0
2003 38 5;311;024033750423;3;1;0;1;0;0;0;0;0;0;0;0;0;0
2003 38 5;312;024033840802;3;1;0;1;0;0;0;0;1;0;1;1;0;0
2003 38 5;313;024033820611;3;0;0;0;0;1;0;0;0;0;0;0;0;0
2003 38 5;314;024033820880;2;1;0;1;0;0;0;0;0;0;0;0;0;0
2003 38 5;315;024033730052;2;1;0;1;0;0;0;0;0;0;0;0;0;0
2003 38 5;316;024033820384;2;0;0;0;1;0;0;0;0;1;0;0;1;0
2003 38 5;317;024033820826;2;1;0;1;0;0;0;0;0;0;0;0;0;0
2003 38 5;318;024033740697;2;1;0;1;0;0;0;0;0;0;0;0;0;0
2003 38 5;319;024033840728;11;0;0;0;0;1;0;1;0;0;0;0;0;0
2003 38 5;320;024033820857;3;1;0;1;0;0;0;0;0;0;0;0;0;0
2003 38 5;321;024033821158;3;1;0;1;0;0;0;0;1;0;1;1;0;0
2003 38 5;322;024033710367;3;0;0;0;1;0;0;0;0;0;0;0;0;0
2003 38 5;323;024033820155;5;1;0;0;0;0;0;0;0;1;0;0;1;0
2003 38 5;324;024033830721;9;1;0;1;0;0;0;0;0;0;0;0;0;0
2003 38 5;325;024033750323;9;0;0;1;0;1;0;0;0;0;0;0;0;0
2003 38 5;326;024033820146;7;1;0;0;0;0;0;0;0;1;0;0;1;0
2003 38 5;327;024033821214;7;0;1;1;0;0;0;0;0;0;0;0;0;0
2003 38 5;328;024033750260;6;1;0;1;0;0;0;0;0;0;0;1;0;0
2003 38 5;329;024033820236;6;1;0;0;0;0;0;0;0;0;0;0;0;0
2003 38 5;330;024033830722;8;0;0;1;0;1;0;0;0;0;0;0;0;0
2003 38 5;331;024033750243;8;1;0;1;0;0;0;0;0;0;0;0;0;0
2003 38 5;332;024033840119;8;0;0;0;1;0;0;0;0;0;0;0;0;0
2003 38 5;333;024033811118;8;1;0;1;0;0;0;0;0;0;0;0;0;0
2003 38 5;334;024033750384;8;1;0;1;0;0;0;0;0;0;0;0;0;0
2003 38 5;335;024033830941;5;0;0;0;0;1;0;1;0;0;0;0;0;0
2003 38 5;336;024033820368;5;1;0;1;0;0;0;0;0;0;0;0;0;0
2003 38 5;337;024033740422;5;1;0;0;0;0;0;0;0;0;1;0;0;0
2003 38 5;338;024033810122;5;0;0;1;1;0;0;0;0;0;0;1;0;0
2003 38 5;339;024033820612;5;1;0;1;0;0;0;0;0;0;0;0;0;0
2003 38 5;340;024033840771;5;1;0;0;0;0;0;0;0;0;0;0;0;0
2003 38 5;341;024033740371;5;0;0;1;0;1;0;0;0;0;0;0;0;0
2003 38 5;342;024033821157;5;1;0;1;0;0;0;0;0;1;0;0;1;0
2003 38 5;343;024033820534;3;1;0;0;0;0;0;0;0;0;0;0;0;0
2003 38 5;344;024033750273;3;0;0;1;1;0;0;0;0;0;0;0;0;0
2003 38 5;345;024033830881;3;1;0;1;0;0;0;0;1;0;1;1;0;0
2003 38 5;346;024033820930;1;0;0;0;0;1;0;0;0;0;0;0;0;0
2003 38 5;347;024033720246;1;1;0;1;0;0;0;0;0;0;0;0;0;0
2003 38 5;348;024033840244;7;0;1;1;0;0;0;0;0;0;0;0;0;0
2003 38 5;349;024033820194;7;1;0;0;0;0;0;0;0;1;0;0;1;0
2003 38 5;350;024033750006;7;1;0;1;0;0;0;0;0;0;0;0;0;0
2003 38 5;351;024033820574;8;0;0;1;0;1;0;0;0;0;0;0;0;0
2003 38 5;352;024033830900;3;0;0;0;1;0;0;0;0;0;0;1;0;0
2003 38 5;353;024033821135;1;1;0;1;0;0;0;0;0;0;0;0;0;0
2003 38 5;354;024033750326;1;1;0;1;0;0;0;0;0;0;0;0;0;0
2003 38 5;355;024033820131;1;0;0;0;0;1;0;1;0;0;0;0;0;0
2003 38 5;356;024033820005;2;1;0;1;0;0;0;0;0;0;0;0;0;0
2003 38 5;357;024033750514;2;1;0;0;0;0;0;0;0;0;1;0;0;0
2003 38 5;358;024033840792;2;0;0;1;1;0;0;0;0;1;0;0;1;0
2003 38 5;359;024033750521;2;1;0;0;0;0;0;0;0;0;0;0;0;0
2003 38 5;360;024033821176;2;1;0;1;0;0;0;0;0;0;0;0;0;0
2003 38 5;361;024033720146;2;1;0;1;0;0;0;0;0;0;0;0;0;0
2003 38 5;362;024033750531;6;0;0;0;0;1;0;1;0;0;0;0;0;0
2003 38 5;363;024033821084;6;1;0;1;0;0;0;0;0;0;0;0;0;0
2003 38 5;364;024033840776;1;1;0;0;0;0;0;0;0;0;0;1;0;0
2003 38 5;365;024033750251;1;0;0;1;1;0;0;0;0;1;0;0;1;0
2003 38 5;366;024033821154;1;1;0;1;0;0;0;0;0;0;0;0;0;0
2003 38 5;367;024033820216;1;1;0;0;0;0;0;1;0;0;0;0;0;0
2003 38 5;368;024033750526;1;0;0;1;0;1;0;0;0;0;0;0;0;0
2003 38 5;369;024033830498;1;1;0;0;0;0;0;0;0;1;0;0;1;0
2003 38 5;370;024033820552;1;1;0;1;0;0;0;0;0;0;0;0;0;0
2003 38 5;371;024033740476;3;0;0;0;1;0;0;0;0;0;0;1;0;0
2003 38 5;372;024033830296;9;1;0;1;0;0;0;0;0;0;0;0;0;0
2003 38 5;373;024033820867;9;1;0;1;0;0;0;0;0;0;0;0;0;0
2003 38 5;374;024033820791;6;0;0;0;0;1;0;1;0;0;0;0;0;0
2003 38 5;375;024033750577;6;1;0;1;0;0;0;0;0;0;0;0;0;0
2003 38 5;376;024033840785;7;0;1;1;0;0;0;0;0;0;0;0;0;0
2003 38 5;377;024033821133;10;1;0;0;0;0;0;1;0;0;0;0;0;1
2003 38 5;378;024033820567;10;0;0;1;0;1;0;0;0;0;0;0;0;0
2003 38 5;379;024033821137;3;1;0;0;0;0;1;0;0;0;0;0;0;0
2003 38 5;380;024033820298;3;0;0;1;1;0;0;0;0;0;0;1;0;0
2003 38 5;381;024033820187;10;1;0;1;0;0;0;0;0;0;0;0;0;0
2003 38 5;382;024033750389;10;1;0;0;0;0;0;0;0;1;0;0;1;0
2003 38 5;383;024033830724;10;0;0;1;0;1;0;0;0;0;0;0;0;0
2003 38 5;384;024033820553;10;1;0;1;0;0;0;0;0;0;0;0;0;0
2003 38 5;385;024033820945;3;1;0;0;0;0;0;0;0;0;0;0;0;0
2003 38 5;386;024033840163;3;0;0;1;1;0;0;0;0;1;0;0;1;0
2003 38 5;387;024033750272;3;1;0;1;0;0;0;0;0;0;0;1;0;0
2003 38 5;388;024033820923;1;0;0;0;0;1;0;0;0;0;0;0;0;0
2003 38 5;389;024033840807;1;1;0;1;0;0;0;0;0;0;0;0;0;0
2003 38 5;390;024033730090;1;1;0;0;0;0;0;0;0;0;0;0;0;0
2003 38 5;391;024033821152;1;1;0;1;0;0;0;0;0;0;0;0;0;0
2003 38 5;392;024033820931;7;0;1;1;0;0;0;0;0;0;0;0;0;0
2003 38 5;393;024033820850;11;1;0;0;0;0;0;0;0;0;1;0;0;0
2003 38 5;394;024033840811;11;1;0;1;0;0;0;0;0;0;0;0;0;0
2003 38 5;395;024033750224;11;0;0;1;0;1;0;0;0;0;0;0;0;0
2003 38 5;396;024033830208;11;1;0;0;0;0;0;0;0;1;0;0;1;0
2003 38 5;397;024033821194;11;0;0;1;1;0;0;1;0;0;0;1;0;1
2003 38 5;398;024033740096;12;1;0;1;0;0;0;0;0;0;0;0;0;0
2003 38 5;399;024033830796;1;1;0;0;0;0;0;0;0;1;0;0;1;0
2003 38 5;400;024033750367;1;0;0;1;0;1;0;0;0;0;0;0;0;0
2003 38 5;401;024033820531;1;1;0;1;0;0;0;0;0;0;0;0;0;0
2003 38 5;402;024033840202;1;1;0;0;0;0;0;0;0;0;1;0;0;0
2003 38 5;403;024033710560;3;0;0;1;1;0;0;0;0;0;0;0;0;0
2003 38 5;404;024033840755;3;1;0;1;0;0;0;0;0;0;0;0;0;0
2003 38 5;405;024033820983;3;0;0;0;0;1;0;0;0;0;0;0;0;0
2003 38 5;406;024033821153;3;1;0;0;0;0;0;0;0;0;0;0;0;0
2003 38 5;407;024033820563;3;1;0;1;0;0;0;0;0;0;0;0;0;0
2003 38 5;408;024033750236;3;0;0;0;1;0;0;0;1;1;0;1;1;0
2003 38 5;409;024033830230;3;1;0;1;0;0;0;0;0;0;0;0;0;0
2003 38 5;410;024033821045;3;0;0;1;0;1;0;0;0;0;0;0;0;0
2003 38 5;411;024033730359;7;1;0;0;0;0;0;0;0;0;1;0;0;0
2003 38 5;412;024033840708;7;0;1;1;0;0;0;0;0;0;0;0;0;0
2003 38 5;413;024033820535;6;1;0;1;0;0;0;0;0;0;0;0;0;0
2003 38 5;414;024033750370;6;1;0;0;0;0;0;0;0;0;0;0;0;0
2003 38 5;415;024033830220;6;0;0;1;0;1;0;0;0;0;0;0;0;0
2003 38 5;416;024033821130;6;0;0;1;1;0;0;1;0;0;0;1;0;1
2003 38 5;417;024033840743;1;1;0;0;0;0;0;0;0;1;0;0;1;0
2003 38 5;418;024033750941;1;1;0;1;0;0;0;0;0;0;0;0;0;0
2003 38 5;419;024033820545;1;0;0;1;0;1;0;0;0;0;0;0;0;0
2003 38 5;420;024033840744;1;1;0;0;0;0;0;0;0;1;0;0;1;0
2003 38 5;421;024033821007;1;1;0;1;0;0;0;0;0;0;0;0;0;0
2003 38 5;422;024033720056;1;0;0;0;0;1;0;0;0;0;0;0;0;0
2003 38 5;423;024033820738;1;1;0;1;0;0;0;0;0;0;0;0;0;0
2003 38 5;424;024033820174;10;0;0;1;1;0;0;0;1;1;0;1;1;0
2003 38 5;425;024033840738;11;1;0;0;0;0;0;0;0;0;1;0;0;0
2003 38 5;426;024033750372;11;1;0;1;0;0;0;0;0;0;0;0;0;0
2003 38 5;427;024033821020;11;0;0;0;0;1;0;1;0;0;0;0;0;0
2003 38 5;428;024033830187;7;1;0;1;0;0;0;0;0;0;0;0;0;0
2003 38 5;429;024033750955;7;0;1;1;0;0;0;0;0;0;0;0;0;0
2003 38 5;430;024033820994;7;1;0;0;0;0;0;0;0;1;0;0;1;0
2003 38 5;431;024033820402;7;1;0;1;0;0;0;0;0;0;0;0;0;0
2003 38 5;432;024033830773;8;0;0;0;0;1;0;0;0;0;0;0;0;0
2003 38 5;433;024033820288;7;1;0;1;0;0;0;0;0;0;0;0;0;0
2003 38 5;434;024033750307;8;1;0;1;0;0;0;0;0;0;0;0;0;0
2003 38 5;435;024033830236;8;0;0;0;1;0;0;0;0;0;0;1;0;0
2003 38 5;436;024033810140;8;1;0;1;0;0;0;0;0;0;0;0;0;0
2003 38 5;437;024033750453;8;1;0;1;0;0;0;0;0;0;0;0;0;0
2003 38 5;438;024033821172;8;0;0;0;0;1;0;1;0;0;0;0;0;0
2003 38 5;439;024033840790;12;1;0;1;0;0;0;0;0;0;0;0;0;0
2003 38 5;440;024033820913;12;1;0;0;0;0;0;0;0;0;0;0;0;0
2003 38 5;441;024033820571;12;0;0;1;1;0;0;0;0;0;0;1;0;0
2003 38 5;442;024033730337;12;1;0;1;0;0;0;0;0;0;0;0;0;0
2003 38 5;443;024033820178;12;1;0;0;0;0;0;0;0;1;0;0;1;0
2003 38 5;444;024033821210;3;1;0;1;0;0;0;0;0;0;0;0;0;0
2003 38 5;445;024033840719;3;0;0;1;0;1;0;0;0;0;0;0;0;0
2003 38 5;446;024033820014;3;1;0;0;0;0;0;0;0;0;1;0;0;0
2003 38 5;447;024033750204;3;1;0;1;0;0;0;1;0;0;0;0;0;1
2003 38 5;448;024033840199;3;0;0;1;1;0;0;0;0;1;0;0;1;0
2003 38 5;449;024033820999;12;1;0;0;0;0;0;0;0;0;0;0;0;0
2003 38 5;450;024033821155;8;1;0;1;0;0;0;0;0;0;0;1;0;0
2003 38 5;451;024033820191;8;0;0;1;0;1;0;0;0;0;0;0;0;0
2003 38 5;452;024033840791;12;1;0;0;0;0;0;0;0;0;1;0;0;0
2003 38 5;453;024033740874;12;1;0;1;0;0;0;0;0;0;0;0;0;0
2003 38 5;454;024033820839;12;0;0;1;1;0;0;0;0;1;0;0;1;0
2003 38 5;455;024033820304;12;1;0;0;0;0;0;0;0;0;0;0;0;0
2003 38 5;456;024033821179;1;1;0;1;0;0;0;0;0;0;0;0;0;0
2003 38 5;457;024033740566;1;0;0;1;0;1;0;0;0;0;0;0;0;0
2003 38 5;458;024033820166;1;1;0;0;0;0;0;0;0;0;0;0;0;0
2003 38 5;459;024033830645;1;1;0;1;0;0;0;0;0;0;0;0;0;0
2003 38 5;460;024033820404;4;0;0;0;1;0;0;0;0;1;0;1;1;0
2003 38 5;461;024033820167;4;1;0;1;0;0;0;1;0;0;0;0;0;0
2003 38 5;462;024033730118;6;0;0;1;0;1;0;0;0;0;0;0;0;0
2003 38 5;463;024033820512;7;1;0;0;0;0;0;0;0;1;0;0;1;0
2003 38 5;464;024033830678;7;0;1;1;0;0;0;0;0;0;0;0;0;0
2003 38 5;465;024033750005;12;1;0;1;0;0;0;0;0;0;0;0;0;0
2003 38 5;466;024033820918;12;1;0;0;0;0;1;1;0;0;0;0;0;0
2003 38 5;467;024033830318;9;0;0;1;0;1;0;0;0;0;0;0;0;0
2003 38 5;468;024033820865;3;0;0;1;1;0;0;0;0;1;0;1;1;0
2003 38 5;469;024033750195;5;1;0;0;0;0;0;0;0;0;1;0;0;0
2003 38 5;470;024033830886;5;1;0;1;0;0;0;0;0;0;0;0;0;0
2003 38 5;471;024033821199;5;1;0;1;0;0;0;0;0;0;0;0;0;0
2003 38 5;472;024033820810;5;0;0;0;0;1;0;1;0;0;0;0;0;0
2003 38 5;473;024033820227;5;1;0;1;0;0;0;0;0;0;0;0;0;0
2003 38 5;474;024033710108;5;1;0;0;0;0;0;0;0;0;0;0;0;0
2003 38 5;475;024033820840;5;0;0;1;1;0;0;0;0;0;0;1;0;0
2003 38 5;476;024033820218;5;1;0;1;0;0;0;0;0;0;0;0;0;0
2003 38 5;477;024033830772;5;0;0;0;0;1;0;1;0;0;0;0;0;0
2003 38 5;478;024033750468;5;1;0;1;0;0;0;0;0;0;0;0;0;0
2003 38 5;479;024033821026;7;0;1;1;0;0;0;0;0;0;0;0;0;0
2003 38 5;480;024033830211;7;1;0;0;0;0;0;0;0;1;0;0;1;0
2003 38 5;481;024033740629;7;1;0;1;0;0;0;0;0;0;0;0;0;0
2003 38 5;482;024033840754;3;0;0;1;1;0;0;0;0;0;0;1;0;0
2003 38 5;483;024033820786;3;1;0;0;0;0;0;0;0;1;0;0;1;0
2003 38 5;484;024033750357;1;1;0;1;0;0;0;0;0;0;0;0;0;0
2003 38 5;485;024033821018;1;0;0;1;0;1;0;0;0;0;0;0;0;0
2003 38 5;486;024033840740;1;1;0;0;0;0;0;1;0;0;1;0;0;0
2003 38 5;487;024033820895;1;1;0;0;0;0;0;0;0;1;0;0;1;0
2003 38 5;488;024033740198;1;1;0;1;0;0;0;0;0;0;0;0;0;0
2003 38 5;489;024033821212;1;0;0;1;0;1;0;0;0;0;0;0;0;0
2003 38 5;490;024033740559;1;1;0;0;0;0;0;0;0;0;0;0;0;0
2003 38 5;491;024033840753;1;1;0;1;0;0;0;0;0;0;0;0;0;0
2003 38 5;492;024033750440;3;0;0;1;1;0;0;0;1;0;0;1;0;0
2003 38 5;493;024033820203;3;1;0;0;0;0;0;0;0;1;0;0;1;0
2003 38 5;494;024033820322;9;0;0;1;0;1;0;0;0;0;0;0;0;0
2003 38 5;495;024033750009;9;1;0;1;0;0;0;0;0;0;0;0;0;0
2003 38 5;496;024033820536;11;1;0;0;0;0;0;0;0;1;0;0;1;0
2003 38 5;497;024033830681;9;0;1;1;0;0;0;0;0;0;0;0;0;0
2003 38 5;498;024033750329;9;1;0;1;0;0;0;0;0;0;0;0;0;0
2003 38 5;499;024033820881;6;1;0;0;0;0;1;0;0;0;1;0;0;0
2003 38 5;500;024033830233;6;0;0;1;1;0;0;0;0;0;0;1;0;0
2003 38 5;501;024033750393;10;1;0;1;0;0;0;0;0;0;0;0;0;0
2003 38 5;502;024033821187;10;1;0;0;0;0;0;0;0;1;0;0;1;0
2003 38 5;503;024033830667;10;0;0;1;0;1;0;0;0;0;0;0;0;0
2003 38 5;504;024033820293;10;1;0;1;0;0;0;0;0;0;0;0;0;0
2003 38 5;505;024033740093;10;1;0;0;0;0;0;0;0;0;0;0;0;0
2003 38 5;506;024033810982;10;0;0;1;1;0;0;0;0;1;0;0;1;0
2003 38 5;507;024033821030;12;1;0;1;0;0;0;0;0;0;0;0;0;0
2003 38 5;508;024033820718;12;1;0;0;0;0;0;1;0;0;1;0;0;0
2003 38 5;509;024033820301;9;0;0;1;0;1;0;0;0;0;0;0;0;0
2003 38 5;510;024033820233;2;1;0;1;0;0;0;0;0;0;0;0;0;0
2003 38 5;511;024033820977;2;1;0;0;0;0;0;0;0;1;0;0;1;0
2003 38 5;512;024033820300;2;0;0;1;1;0;0;0;0;0;0;1;0;0
2003 38 5;513;024033750380;2;1;0;1;0;0;0;0;0;0;0;0;0;0
2003 38 5;514;024033750266;4;0;0;0;0;1;0;0;0;0;0;0;0;0
2003 38 5;515;024033840760;4;1;0;1;0;0;0;0;0;0;0;0;0;0
2003 38 5;516;024033820183;6;1;0;1;0;0;0;0;0;0;0;0;0;0
2003 38 5;517;024033820053;6;0;0;0;0;1;0;1;0;0;0;0;0;0
2003 38 5;518;024033740001;6;0;0;1;1;0;0;0;0;0;0;0;0;0
2003 38 5;519;024033820888;1;1;0;1;0;0;0;0;0;0;0;1;0;0
2003 38 5;520;024033820856;1;1;0;0;0;0;1;0;0;0;1;0;0;0
2003 38 5;521;024033750969;1;1;0;1;0;0;0;0;0;0;0;0;0;0
2003 38 5;522;024033820259;1;0;0;1;0;1;0;0;0;0;0;0;0;0
2003 38 5;523;024033820757;1;1;0;0;0;0;0;0;0;1;0;0;1;0
2003 38 5;524;024033820847;3;0;0;1;1;0;0;0;0;0;0;0;0;0
2003 38 5;525;024033820235;3;1;0;0;0;0;0;0;0;0;0;0;0;0
2003 38 5;526;024033820717;3;1;0;1;0;0;0;0;0;0;1;1;0;0
2003 38 5;527;024033750907;3;0;0;1;0;1;0;0;0;0;0;0;0;0
2003 38 5;528;024033820261;7;1;0;0;0;0;0;0;0;1;0;0;1;0
2003 38 5;529;024033740098;7;1;0;1;0;0;0;0;0;0;0;0;0;0
2003 38 5;530;024033840183;7;0;1;1;0;0;0;0;0;0;0;0;0;0
2003 38 5;531;024033821002;5;1;0;0;0;0;0;0;0;0;0;0;0;0
2003 38 5;532;024033750004;5;0;0;1;0;1;0;0;0;0;0;0;0;0
2003 38 5;533;024033830679;3;1;0;1;0;0;0;0;1;0;1;1;0;0
2003 38 5;534;024033820250;3;0;0;1;1;0;0;0;0;1;0;0;1;0
2003 38 5;535;024033810024;8;1;0;0;0;0;0;0;0;0;0;0;0;0
2003 38 5;536;024033820385;8;1;0;1;0;0;0;0;0;0;0;0;0;0
2003 38 5;537;024033730317;10;0;0;1;0;1;0;0;0;0;0;0;0;0
2003 38 5;538;024033840805;12;1;0;0;0;0;0;0;0;0;0;0;0;0
2003 38 5;539;024033821207;12;1;0;1;0;0;0;0;0;0;0;1;0;0
2003 38 5;540;024033750461;12;0;0;0;1;0;0;0;0;0;0;0;0;0
2003 38 5;541;024033840194;1;1;0;1;0;0;0;0;0;1;0;0;1;0
2003 38 5;542;024033820376;1;0;0;1;0;1;0;0;0;0;0;0;0;0
2003 38 5;543;024033750245;1;1;0;0;0;0;0;0;0;0;0;0;0;0
2003 38 5;544;024033840762;1;1;0;1;0;0;0;0;0;0;0;0;0;0
2003 38 5;545;024033740079;1;1;0;0;0;0;0;0;0;1;0;0;1;0
2003 38 5;546;024033840142;3;0;0;1;1;0;0;1;0;0;0;1;0;1
2003 38 5;547;024033820785;7;1;0;1;0;0;0;0;0;0;0;0;0;0
2003 38 5;548;024033750464;7;1;0;0;0;0;0;0;0;1;0;0;1;0
2003 38 5;549;024033840788;8;0;0;1;0;1;0;0;0;0;0;0;0;0
2003 38 5;550;024033821100;8;1;0;1;0;0;0;0;0;0;0;0;0;0
2003 38 5;551;024033830065;1;1;0;0;0;0;0;0;0;1;0;0;1;0
2003 38 5;552;024033821016;1;0;1;1;0;0;0;0;0;0;0;0;0;0
2003 38 5;553;024033740289;11;1;0;1;0;0;0;0;0;0;0;0;0;0
2003 38 5;554;024033830578;11;0;0;0;0;1;0;1;0;0;0;0;0;0
2003 38 5;555;024033821034;12;1;0;1;0;0;0;0;0;0;0;0;0;0
2003 38 5;556;024033810944;5;0;0;1;1;0;0;0;0;1;0;0;1;0
2003 38 5;557;024033820396;1;1;0;0;0;0;0;0;0;0;1;0;0;0
2003 38 5;558;024033821042;1;1;0;1;0;0;0;0;0;0;0;1;0;0
2003 38 5;559;024033840718;1;0;0;1;0;1;0;0;0;0;0;0;0;0
2003 38 5;560;024033750154;1;1;0;0;0;0;0;0;0;1;0;0;1;0
2003 38 5;561;024033820577;1;1;0;1;0;0;0;0;0;0;0;0;0;0
2003 38 5;562;024033820143;11;0;0;1;1;0;0;0;0;0;0;0;0;0
2003 38 5;563;024033750356;11;1;0;0;0;0;0;0;0;0;0;0;0;0
2003 38 5;564;024033840770;11;0;0;1;0;1;0;0;0;0;0;0;0;0
2003 38 5;565;024033820406;6;1;0;1;0;0;0;1;0;0;0;1;0;1
2003 38 5;566;024033820199;6;1;0;0;0;0;0;0;0;1;0;0;1;0
2003 38 5;567;024033830889;7;0;1;1;0;0;0;0;0;0;0;0;0;0
2003 38 5;568;024033750398;7;1;0;1;0;0;0;0;0;0;0;0;0;0
2003 38 5;569;024033820487;7;1;0;0;0;0;0;0;0;1;0;0;1;0
2003 38 5;570;024033840099;3;0;0;1;1;0;0;0;0;0;0;0;0;0
2003 38 5;571;024033750707;3;1;0;1;0;0;0;0;1;0;1;1;0;0
2003 38 5;572;024033820578;11;1;0;0;0;0;1;0;0;0;0;0;0;0
2003 38 5;573;024033830776;11;0;0;1;0;1;0;0;0;0;0;0;0;0
2003 38 5;574;024033740344;12;1;0;0;0;0;0;0;0;0;0;0;0;0
2003 38 5;575;024033820884;12;1;0;1;0;0;0;0;0;0;0;0;0;0
2003 38 5;576;024033820076;12;1;0;1;0;0;0;0;0;0;0;0;0;0
2003 38 5;577;024033750535;3;0;0;0;1;0;0;0;0;0;0;0;0;0
2003 38 5;578;024033840800;3;1;0;1;0;0;0;0;0;0;0;0;0;0
2003 38 5;579;024033820189;3;1;0;1;0;0;0;0;0;0;0;1;0;0
2003 38 5;580;024033820302;3;0;0;0;0;1;0;0;0;0;0;0;0;0
2003 38 5;581;024033820543;2;1;0;1;0;0;0;0;0;1;0;0;1;0
2003 38 5;582;024033750200;2;1;0;0;0;0;0;0;0;0;0;0;0;0
2003 38 5;583;024033840725;2;1;0;1;0;0;0;0;0;0;0;0;0;0
2003 38 5;584;024033821038;1;0;0;0;0;1;0;0;0;0;0;0;0;0
2003 38 5;585;024033811013;3;1;0;1;0;0;0;0;0;0;0;0;0;0
2003 38 5;586;024033740423;3;0;0;0;1;0;0;0;0;0;0;1;0;0
2003 38 5;587;024033820559;3;1;0;1;0;0;0;0;0;0;0;0;0;0
2003 38 5;588;024033720907;10;1;0;1;0;0;0;0;0;0;0;0;0;0
2003 38 5;589;024033750415;10;0;0;0;0;1;0;0;0;0;0;0;0;0
2003 38 5;590;024033820841;10;1;0;1;0;0;0;0;0;0;1;0;0;0
2003 38 5;591;024033830212;10;1;0;1;0;0;0;0;0;0;0;0;0;0
2003 38 5;592;024033850651;10;0;0;1;1;0;0;0;0;1;0;0;1;0
2003 38 5;593;024033830787;10;1;0;0;0;0;0;0;0;0;0;0;0;0
2003 38 5;594;024033750247;10;0;0;1;0;1;0;0;0;0;0;0;0;0
2003 38 5;595;024033821000;10;1;0;1;0;0;0;0;0;0;0;0;0;0
2003 38 5;596;024033820763;10;1;0;0;0;0;1;0;0;0;0;0;0;0
2003 38 5;597;024033820230;3;1;0;1;0;0;0;0;0;0;1;1;0;0
2003 38 5;598;024033830775;3;0;0;1;0;1;0;0;0;0;0;0;0;0
2003 38 5;599;024033820311;1;1;0;0;0;0;0;0;0;0;0;0;0;0
2003 38 5;600;024033820223;1;1;0;1;0;0;0;0;0;0;0;0;0;0
2003 38 5;601;024033730134;1;0;0;1;1;0;0;0;0;0;0;0;0;0
2003 38 5;602;024033820787;1;1;0;0;0;0;0;0;0;0;0;0;0;0
2003 38 5;603;024033840803;1;1;0;1;0;0;0;0;0;0;0;0;0;0
2003 38 5;604;024033750374;1;0;0;1;0;1;0;0;0;0;0;0;0;0
2003 38 5;605;024033820942;1;1;0;0;0;0;0;0;0;1;0;0;1;0
2003 38 5;606;024033821024;3;1;0;1;0;0;0;0;1;0;1;1;0;0
2003 38 5;607;024033720108;3;0;1;1;0;0;0;0;0;0;0;0;0;0
2003 38 5;608;024033821177;10;1;0;0;0;0;0;0;0;0;0;0;0;0
2003 38 5;609;024033820564;10;0;0;0;0;1;0;1;0;0;0;0;0;0
2003 38 5;610;024033750152;2;1;0;1;0;0;0;0;0;0;0;0;0;0
2003 38 5;611;024033750536;2;1;0;1;0;0;0;0;0;0;0;0;0;0
2003 38 5;612;024033821124;2;0;0;0;1;0;0;1;0;0;0;1;0;1
2003 38 5;613;024033840238;2;1;0;1;0;0;0;0;0;0;0;0;0;0
2003 38 5;614;024033740528;2;1;0;0;0;0;0;0;0;0;0;0;0;0
2003 38 5;615;024033820279;2;1;0;1;0;0;0;0;0;1;0;0;1;0
2003 38 5;616;024033840731;11;0;0;0;0;1;0;0;0;0;0;0;0;0
2003 38 5;617;024033750277;11;1;0;1;0;0;0;0;0;0;0;0;0;0
2003 38 5;618;024033820550;3;0;0;1;1;0;0;0;0;0;0;1;0;0
2003 38 5;619;024033830276;1;1;0;0;0;0;0;0;0;0;0;0;0;0
2003 38 5;620;024033820854;1;1;0;1;0;0;0;0;0;0;0;0;0;0
2003 38 5;621;024033840822;1;0;0;1;0;1;0;0;0;0;0;0;0;0
2003 38 5;622;024033820244;1;1;0;0;0;0;0;0;0;1;0;0;1;0
2003 38 5;623;024033710026;7;0;1;1;0;0;0;0;0;0;0;0;0;0
2003 38 5;624;024033820788;6;1;0;0;0;0;0;0;0;0;0;0;0;0
2003 38 5;625;024033830883;6;0;0;1;0;1;0;0;0;0;0;0;0;0
2003 38 5;626;024033750378;3;1;0;0;0;0;0;0;0;0;0;0;0;0
2003 38 5;627;024033830200;3;0;0;1;1;0;0;1;0;0;0;1;0;1
2003 38 5;628;024033820538;7;1;0;1;0;0;0;0;0;0;0;0;0;0
2003 38 5;629;024033750369;7;1;0;0;0;0;0;0;0;1;0;0;1;0
2003 38 5;630;024033840779;5;0;0;1;0;1;0;0;0;0;0;0;0;0
2003 38 5;631;024033820405;5;1;0;1;0;0;0;0;0;0;0;0;0;0
2003 38 5;632;024033820946;6;1;0;0;0;0;0;0;0;0;0;0;0;0
2003 38 5;633;024033720136;6;0;0;1;1;0;0;0;0;0;0;0;0;0
2003 38 5;634;024033750340;7;1;0;1;0;0;0;0;0;1;0;0;1;0
2003 38 5;635;024033840799;8;0;0;0;0;1;0;0;0;0;0;0;0;0
2003 38 5;636;024033820193;12;1;0;1;0;0;0;0;0;0;0;1;0;0
2003 38 5;637;024033820754;12;1;0;0;0;0;0;0;0;0;1;0;0;0
2003 38 5;638;024033821046;11;0;1;1;0;0;0;0;0;0;0;0;0;0
2003 38 5;639;024033840705;11;1;0;1;0;0;0;0;0;0;0;0;0;0
2003 38 5;640;024033820542;11;0;0;0;0;1;0;0;0;0;0;0;0;0
2003 38 5;641;024033730309;8;1;0;1;0;0;0;0;0;0;0;0;0;0
2003 38 5;642;024033820198;8;1;0;0;0;0;0;0;0;0;0;0;0;0
2003 38 5;643;024033820858;8;0;0;1;1;0;0;0;0;0;0;1;0;0
2003 38 5;644;024033830698;8;1;0;1;0;0;0;0;0;0;0;0;0;0
2003 38 5;645;024033750254;8;1;0;0;0;0;0;0;0;0;1;0;0;0
2003 38 5;646;024033821019;8;0;0;1;0;1;0;0;0;0;0;0;0;0
2003 38 5;647;024033830167;10;1;0;1;0;0;0;0;0;0;0;0;0;0
2003 38 5;648;024033740086;10;1;0;0;0;0;0;0;0;0;0;0;0;0
2003 38 5;649;024033820940;10;0;0;1;1;0;0;0;0;1;0;0;1;0
2003 38 5;650;024033830723;1;1;0;1;0;0;0;0;0;0;0;0;0;0
2003 38 5;651;024033750414;11;1;0;0;0;0;0;0;0;0;1;0;0;0
2003 38 5;652;024033820154;11;0;0;0;0;1;0;1;0;0;0;0;0;0
2003 38 5;653;024033840124;6;1;0;1;0;0;0;0;0;0;0;0;0;0
2003 38 5;654;024033750178;6;1;0;1;0;0;0;0;0;0;0;0;0;0
2003 38 5;655;024033820170;3;0;0;0;1;0;0;0;0;0;0;1;0;0
2003 38 5;656;024033840706;3;1;0;1;0;0;0;0;0;0;0;0;0;0
2003 38 5;657;024033821209;3;1;0;1;0;0;0;0;0;1;0;0;1;0
2003 38 5;658;024033820267;3;0;0;0;0;1;0;0;0;0;0;0;0;0
2003 38 5;659;024033840269;3;1;0;1;0;0;0;0;0;0;0;0;0;0
2003 38 5;660;024033750199;3;1;0;0;0;0;1;0;0;0;1;0;0;0
2003 38 5;661;024033840733;3;0;0;1;1;0;0;0;0;0;0;0;0;0
2003 38 5;662;024033750262;3;1;0;1;0;0;0;0;0;0;0;0;0;0
2003 38 5;663;024033750534;13;0;0;0;0;1;0;0;0;0;0;0;0;0
2003 38 5;664;024033740092;9;1;0;1;0;0;0;0;0;0;0;0;0;0
2003 38 5;665;024033840688;9;1;0;1;0;0;0;0;0;0;0;0;0;0
2003 38 5;666;024033820897;3;0;0;0;1;0;0;0;0;0;0;1;0;0
2003 38 5;667;024033820955;3;1;0;1;0;0;0;0;0;0;0;0;0;0
2003 38 5;668;024033840784;11;0;0;1;0;1;0;0;0;0;0;0;0;0
2003 38 5;669;024033750375;11;1;0;0;0;0;0;1;0;0;1;0;0;0
2003 38 5;670;024033840264;9;0;1;1;0;0;0;0;0;0;0;0;0;0
2003 38 5;671;024033821028;9;1;0;1;0;0;0;0;0;0;0;0;0;0
2003 38 5;672;024033740290;2;1;0;0;0;0;0;0;0;1;0;0;1;0
2003 38 5;673;024033830709;2;0;0;0;1;0;0;0;0;0;0;1;0;0
2003 38 5;674;024033820995;2;1;0;1;0;0;0;0;0;0;0;0;0;0
2003 38 5;675;024033750196;2;1;0;1;0;0;0;0;0;0;1;0;0;0
2003 38 5;676;024033810937;13;0;0;0;0;1;0;0;0;0;0;0;0;0
2003 38 5;677;024033820869;5;1;0;1;0;0;0;0;0;0;0;0;0;0
2003 38 5;678;024033820295;3;1;0;1;0;0;0;0;0;0;0;0;0;0
2003 38 5;679;024033840819;3;0;0;0;1;0;0;0;0;1;0;1;1;0
2003 38 5;680;024033820902;3;1;0;1;0;0;0;0;0;0;0;0;0;0
2003 38 5;681;024033710025;10;1;0;1;0;0;0;0;0;0;1;0;0;0
2003 38 5;682;024033840812;10;0;0;0;0;1;0;0;0;0;0;0;0;0
2003 38 5;683;024033820514;3;1;0;1;0;0;0;0;0;0;0;0;0;0
2003 38 5;684;024033840161;3;1;0;0;0;0;0;0;0;1;0;0;1;0
2003 38 5;685;024033750579;3;0;0;1;1;0;0;0;0;0;0;1;0;0
2003 38 5;686;024033820234;7;1;0;1;0;0;0;0;0;0;0;0;0;0
2003 38 5;687;024033820755;7;1;0;0;0;0;0;0;0;0;0;0;0;0
2003 38 5;688;024033820982;7;0;1;1;0;0;0;0;0;0;0;0;0;0
2003 38 5;689;024033820147;13;1;0;1;0;0;0;0;0;0;0;0;0;0
2003 38 5;690;024033840720;13;0;0;0;0;1;0;0;0;0;0;0;0;0
2003 38 5;691;024033821017;7;1;0;1;0;0;0;0;0;1;0;0;1;0
2003 38 5;692;024033821093;12;0;0;1;1;0;0;0;0;0;0;1;0;0
2003 38 5;693;024033730011;12;1;0;0;0;0;0;0;0;0;1;0;0;0
2003 38 5;694;024033820400;9;1;0;1;0;0;0;0;0;0;0;0;0;0
2003 38 5;695;024033840782;9;0;0;1;0;1;0;0;0;0;0;0;0;0
2003 38 5;696;024033750376;9;1;0;1;0;0;0;0;0;0;0;0;0;0
2003 38 5;697;024033820759;2;1;0;0;0;0;0;0;0;0;0;0;0;0
2003 38 5;698;024033820827;2;0;0;1;1;0;0;0;0;1;0;1;1;0
2003 38 5;699;024033740284;6;1;0;1;0;0;0;0;0;0;0;0;0;0
2003 38 5;700;024033830726;1;0;0;0;0;1;0;0;0;0;0;0;0;0
2003 38 5;701;024033820144;1;1;0;1;0;0;0;0;0;0;0;0;0;0
2003 38 5;702;024033820978;11;1;0;1;0;0;0;0;0;0;0;0;0;0
2003 38 5;703;024033821156;11;1;0;0;0;0;0;0;0;0;1;0;0;0
2003 38 5;704;024033820513;11;0;0;1;1;0;0;0;0;1;0;1;1;0
2003 38 5;705;024033750315;1;1;0;1;0;0;0;1;0;0;0;0;0;0
2003 38 5;706;024033830701;1;1;0;0;0;0;0;0;0;0;0;0;0;0
2003 38 5;707;024033820887;1;0;0;1;0;1;0;0;0;0;0;0;0;0
2003 38 5;708;024033750265;1;1;0;0;0;0;0;0;0;0;0;0;0;0
2003 38 5;709;024033840155;9;1;0;1;0;0;0;0;0;0;0;0;0;0
2003 38 5;710;024033821021;9;0;0;1;1;0;0;0;0;1;0;0;1;0
2003 38 5;711;024033750162;13;1;0;0;0;0;0;0;0;0;1;0;0;0
2003 38 5;712;024033750968;13;1;0;1;0;0;0;0;0;0;0;0;0;0
2003 38 5;713;024033820889;9;0;1;1;0;0;0;0;0;0;0;0;0;0
2003 38 5;714;024033750203;6;0;0;0;0;1;0;0;0;0;0;0;0;0
2003 38 5;715;024033840193;6;1;0;1;0;0;0;0;0;0;0;0;0;0
2003 38 5;716;024033821095;2;0;0;0;1;0;0;0;0;1;0;1;1;0
2003 38 5;717;024033750354;2;1;0;1;0;0;0;0;0;0;0;0;0;0
2003 38 5;718;024033830890;10;1;0;1;0;0;0;0;0;0;0;0;0;0
2003 38 5;719;024033821181;10;0;0;0;0;1;0;0;0;0;0;0;0;0
2003 38 5;720;024033821081;10;1;0;1;0;0;0;0;0;0;0;0;0;0
2003 38 5;721;024033830213;10;1;0;1;0;0;0;0;0;0;0;0;0;0
2003 38 5;722;024033740081;12;0;0;0;1;0;1;0;0;1;0;0;1;0
2003 38 5;723;024033840757;9;1;0;1;0;0;0;0;0;0;0;0;0;0
2003 38 5;724;024033820159;9;1;0;1;0;0;0;0;0;0;0;0;0;0
2003 38 5;725;024033750216;11;0;0;0;0;1;0;0;0;0;0;0;0;0
2003 38 5;726;024033830018;3;1;0;1;0;0;0;0;0;0;0;0;0;0
2003 38 5;727;024033820256;3;1;0;1;0;0;0;0;1;0;1;1;0;0
2003 38 5;728;024033830697;3;0;0;0;1;0;0;0;0;1;0;0;1;0
2003 38 5;729;024033820922;9;1;0;1;0;0;0;0;0;0;0;0;0;0
2003 38 5;730;024033750314;9;1;0;0;0;0;0;0;0;0;0;0;0;0
2003 38 5;731;024033730339;9;0;1;1;0;0;0;0;0;0;0;0;0;0
2003 38 5;732;024033750373;9;1;0;1;0;0;0;0;0;0;0;0;0;0
2003 38 5;733;024033821022;11;1;0;0;0;0;0;0;0;0;1;0;0;0
2003 38 5;734;024033830702;5;0;0;1;0;1;0;0;0;0;0;0;0;0
2003 38 5;735;024033750246;5;1;0;1;0;0;0;0;0;0;0;0;0;0
2003 38 5;736;024033821011;5;1;0;0;0;0;0;1;0;0;0;0;0;0
2003 38 5;737;024033840108;3;0;0;1;1;0;0;0;0;0;0;1;0;0
2003 38 5;738;024033730108;1;1;0;1;0;0;0;0;0;0;0;0;0;0
2003 38 5;739;024033840817;1;1;0;0;0;0;1;0;0;0;1;0;0;0
2003 38 5;740;024033821087;1;0;0;0;0;1;0;0;0;0;0;0;0;0
2003 38 5;741;024033820560;2;1;0;1;0;0;0;0;0;0;0;0;0;0
2003 38 5;742;024033821131;2;1;0;1;0;0;0;0;0;0;0;0;0;0
2003 38 5;743;024033750255;3;0;0;0;1;0;0;0;0;0;0;1;0;0
2003 38 5;744;024033830899;3;1;0;1;0;0;0;0;0;0;0;0;0;0
2003 38 5;745;024033821211;3;0;0;1;0;1;0;0;0;0;0;0;0;0
2003 38 5;746;024033750537;7;1;0;0;0;0;0;0;0;1;0;0;1;0
2003 38 5;747;024033820388;7;1;0;1;0;0;0;0;0;0;0;0;0;0
2003 38 5;748;024033821201;7;0;1;1;0;0;0;0;0;0;0;0;0;0
2003 38 5;749;024033840703;7;1;0;0;0;0;0;0;0;1;0;0;1;0
2003 38 5;750;024033820354;5;1;0;1;0;0;0;0;0;0;0;0;0;0
2003 38 5;751;024033830268;5;0;0;1;0;1;0;0;0;0;0;0;0;0
2003 38 5;752;024033750377;5;1;0;0;0;0;0;0;0;0;0;0;0;0
2003 38 5;753;024033820870;5;1;0;1;0;0;0;0;0;0;0;0;0;0
2003 38 5;754;024033840722;3;0;0;1;1;0;0;1;0;0;0;1;0;1
2003 38 5;755;024033821170;3;1;0;0;0;0;0;0;0;1;0;0;1;0
2003 38 5;756;024033821123;1;1;0;1;0;0;0;0;0;0;0;0;0;0
2003 38 5;757;024033740275;1;0;0;1;0;1;0;0;0;0;0;0;0;0
2003 38 5;758;024033820848;1;1;0;0;0;0;0;0;0;1;0;0;1;0
2003 38 5;759;024033840794;1;1;0;0;0;0;1;0;0;0;1;0;0;0
2003 38 5;760;024033750451;1;1;0;1;0;0;0;0;0;0;0;0;0;0
2003 38 5;761;024033820975;1;0;0;1;0;1;0;0;0;0;0;0;0;0
2003 38 5;762;024033820523;1;1;0;0;0;0;0;0;0;1;0;0;1;0
2003 38 5;763;024033750197;10;1;0;1;0;0;0;0;0;0;0;1;0;0
2003 38 5;764;024033830696;10;0;0;0;1;0;0;0;0;0;0;0;0;0
2003 38 5;765;024033820284;10;1;0;0;0;0;0;0;0;1;0;0;1;0
2003 38 5;766;024033740405;5;1;0;1;0;0;0;0;0;0;0;0;0;0
2003 38 5;767;024033821208;5;0;0;1;0;1;0;0;0;0;0;0;0;0
2003 38 5;768;024033820557;7;1;0;0;0;0;0;0;0;1;0;0;1;0
2003 38 5;769;024033840752;7;1;0;1;0;0;0;0;0;0;0;0;0;0
2003 38 5;770;024033750223;7;0;1;1;0;0;0;0;0;0;0;0;0;0
2003 38 5;771;024033811089;7;1;0;0;0;0;0;0;0;1;0;0;1;0
2003 38 5;772;024033820092;1;1;0;1;0;0;0;0;0;0;0;1;0;0
2003 38 5;773;024033750221;1;0;0;0;0;1;0;0;0;0;0;0;0;0
2003 38 5;774;024033830591;1;1;0;1;0;0;0;0;0;0;0;0;0;0
2003 38 5;775;024033820585;5;0;0;1;1;0;0;0;0;1;0;0;1;0
2003 38 5;776;024033820981;3;1;0;0;0;0;0;0;0;0;1;0;0;0
2003 38 5;777;024033830025;3;1;0;1;0;0;0;0;0;0;0;0;0;0
2003 38 5;778;024033820964;3;0;0;1;0;1;0;0;0;0;0;0;0;0
2003 38 5;779;024033740277;3;1;0;0;0;0;0;1;0;0;0;0;0;0
2003 38 5;780;024033830695;3;1;0;1;0;0;0;0;0;0;0;0;0;0
2003 38 5;781;024033820551;3;0;0;1;1;0;0;0;0;1;0;1;1;0
2003 38 5;782;024033750392;3;1;0;0;0;0;1;0;0;0;0;0;0;0
2003 38 5;783;024033840500;3;1;0;1;0;0;0;0;0;0;0;0;0;0
2003 38 5;784;024033821008;8;0;0;1;0;1;0;0;0;0;0;0;0;0
2003 38 5;785;024033820739;12;1;0;0;0;0;0;1;0;0;1;0;0;0
2003 38 5;786;024033750961;12;1;0;1;0;0;0;0;0;0;0;0;0;0
2003 38 5;787;024033820533;12;0;0;0;1;0;0;0;0;1;0;1;1;0
2003 38 5;788;024033810446;8;1;0;1;0;0;0;0;0;0;0;0;0;0
2003 38 5;789;024033820819;8;0;0;1;0;1;0;0;0;0;0;0;0;0
2003 38 5;790;024033750485;7;1;0;0;0;0;0;0;0;1;0;0;1;0
2003 38 5;791;024033840715;7;1;0;1;0;0;0;0;0;0;0;0;0;0
2003 38 5;792;024033820204;7;0;1;1;0;0;0;0;0;0;0;0;0;0
2003 38 5;793;024033820353;8;0;0;0;0;1;0;1;0;0;0;0;0;0
2003 38 5;794;024033730124;3;1;0;1;0;0;0;0;0;0;0;0;0;0
2003 38 5;795;024033820969;3;1;0;1;0;0;0;0;1;0;1;1;0;0
2003 38 5;796;024033840748;3;0;0;0;1;0;0;0;0;1;0;0;1;0
2003 38 5;797;024033750030;3;1;0;1;0;0;0;0;0;0;0;0;0;0
2003 38 5;798;024033830069;1;1;0;1;0;0;0;0;0;0;0;0;0;0
2003 38 5;799;024033820277;1;0;0;0;0;1;0;0;0;0;0;0;0;0
2003 38 5;800;024033821150;1;1;0;1;0;0;0;0;0;0;0;0;0;0
2003 38 5;801;024033830727;3;1;0;1;0;0;0;0;0;0;0;0;0;0
2003 38 5;802;024033740285;3;1;0;0;0;0;0;1;0;0;1;0;0;0
2003 38 5;803;024033840009;3;0;0;0;1;0;1;0;0;1;0;1;1;0
2003 38 5;804;024033820245;3;1;0;1;0;0;0;0;0;0;0;0;0;0
2003 38 5;805;024033750276;1;1;0;1;0;0;0;0;0;0;0;0;0;0
2003 38 5;806;024033830725;1;0;0;0;0;1;0;0;0;0;0;0;0;0
2003 38 5;807;024033820522;1;1;0;1;0;0;0;0;0;0;0;0;0;0
2003 38 5;808;024033820943;1;1;0;1;0;0;0;0;0;0;0;0;0;0
2003 38 5;809;024033740049;3;0;0;0;1;0;0;0;0;0;0;0;0;0
2003 38 5;810;024033821228;3;1;0;1;0;0;0;1;0;0;0;0;0;1
2003 38 5;811;024033830699;3;1;0;1;0;0;0;0;1;0;1;1;0;0
2003 38 5;812;024033821092;3;0;0;0;0;1;0;0;0;0;0;0;0;0
2003 38 5;813;024033820270;3;1;0;1;0;0;0;0;0;0;0;0;0;0
2003 38 5;814;024033830023;7;0;1;1;0;0;0;0;0;0;0;0;0;0
2003 38 5;815;024033820979;7;1;0;0;0;0;1;0;0;0;0;0;0;0
2003 38 5;816;024033820565;7;1;0;1;0;0;0;0;0;1;0;0;1;0
2003 38 5;817;024033830600;7;0;0;1;0;1;0;0;0;0;0;0;0;0
2003 38 5;818;024033750225;2;1;0;0;0;0;0;0;0;0;0;0;0;0
2003 38 5;819;024033820285;2;0;0;1;1;0;0;0;0;0;0;1;0;0
2003 38 5;820;024033840241;2;1;0;1;0;0;0;0;0;0;1;0;0;0
2003 38 5;821;024033750448;1;1;0;0;0;0;0;0;0;1;0;0;1;0
2003 38 5;822;024033740089;1;0;0;1;0;1;0;0;0;0;0;0;0;0
2003 38 5;823;024033840723;1;1;0;1;0;0;0;0;0;0;0;0;0;0
2003 38 5;824;024033750566;8;1;0;0;0;0;0;0;0;0;0;0;0;0
2003 38 5;825;024033840112;8;0;0;1;1;0;0;0;0;0;0;1;0;0
2003 38 5;826;024033820020;1;1;0;0;0;0;0;0;0;0;0;0;0;0
2003 38 5;827;024033820681;1;1;0;1;0;0;0;0;0;0;0;0;0;0
2003 38 5;828;024033840766;1;0;0;1;0;1;0;0;0;0;0;0;0;0
2003 38 5;829;024033750157;1;1;0;0;0;0;1;0;0;0;1;0;0;0
2003 38 5;830;024033820970;1;1;0;1;0;0;0;0;0;0;0;0;0;0
2003 38 5;831;024033820084;10;0;0;1;1;0;0;1;0;0;0;1;0;1
2003 38 5;832;024033750365;5;1;0;0;0;0;0;0;0;1;0;0;1;0
2003 38 5;833;024033820397;5;0;0;1;0;1;0;0;0;0;0;0;0;0
2003 38 5;834;024033840821;5;1;0;1;0;0;0;0;0;0;0;0;0;0
2003 38 5;835;024033750460;5;1;0;0;0;0;0;0;0;0;0;0;0;0
2003 38 5;836;024033820569;5;0;0;1;0;1;0;0;0;0;0;0;0;0
2003 38 5;837;024033840105;5;1;0;1;0;0;0;0;0;0;0;0;0;0
2003 38 5;838;024033740278;5;0;0;0;1;0;0;0;0;0;0;1;0;0
2003 38 5;839;024033820894;7;1;0;1;0;0;0;0;0;1;0;0;1;0
2003 38 5;840;024033830650;7;1;0;1;0;0;0;0;0;0;0;0;0;0
2003 38 5;841;024033750435;6;0;0;0;0;1;0;1;0;0;0;0;0;0
2003 38 5;842;024033820886;6;1;0;1;0;0;0;0;0;0;0;0;0;0
2003 38 5;843;024033840065;9;0;1;1;0;0;0;0;0;0;0;0;0;0
2003 38 5;844;024033750412;11;1;0;0;0;0;0;0;0;0;0;0;0;0
2003 38 5;845;024033820260;11;1;0;1;0;0;0;0;0;0;0;0;0;0
2003 38 5;846;024033830705;11;0;0;0;0;1;0;0;0;0;0;0;0;0
2003 38 5;847;024033750454;10;0;0;1;1;0;0;0;1;0;0;1;0;0
2003 38 5;848;024033820971;10;1;0;1;0;0;0;0;0;0;0;0;0;0
2003 38 5;849;024033820077;10;1;0;0;0;0;0;0;0;0;0;0;0;0
2003 38 5;850;024033750381;10;0;0;1;0;1;0;0;0;0;0;0;0;0
2003 38 5;851;024033820537;10;1;0;0;0;0;0;0;0;0;0;0;0;0
2003 38 5;852;024033830668;10;1;0;1;0;0;0;0;0;0;0;0;0;0
2003 38 5;853;024033750501;12;0;0;1;1;0;0;0;0;1;0;0;1;0
2003 38 5;854;024033820274;12;1;0;0;0;0;0;0;0;0;1;0;0;0
2003 38 5;855;024033830665;1;1;0;1;0;0;0;0;0;0;0;0;0;0
2003 38 5;856;024033750355;1;0;0;1;0;1;0;0;0;0;0;0;0;0
2003 38 5;857;024033820276;1;1;0;0;0;0;0;0;0;1;0;0;1;0
2003 38 5;858;024033810674;3;1;0;1;0;0;0;0;0;0;0;0;0;0
2003 38 5;859;024033730665;3;0;0;1;1;0;0;1;0;0;0;1;0;1
2003 38 5;860;024033820349;1;1;0;0;0;0;0;0;0;0;0;0;0;0
2003 38 5;861;024033830642;1;0;0;1;0;1;0;0;0;0;0;0;0;0
2003 38 5;862;024033750391;1;1;0;1;0;0;0;0;0;0;0;0;0;0
2003 38 5;863;024033821220;1;1;0;0;0;0;0;0;0;1;0;0;1;0
2003 38 5;864;024033710004;1;0;1;1;0;0;0;0;0;0;0;0;0;0
2003 38 5;865;024033820185;1;1;0;0;0;0;0;0;0;0;0;0;0;0
2003 38 5;866;024033750238;1;1;0;1;0;0;0;0;0;0;0;0;0;0
2003 38 5;867;024033821205;1;0;0;1;0;1;0;0;0;0;0;0;0;0
2003 38 5;868;024033840773;12;1;0;0;0;0;0;0;0;0;0;0;0;0
2003 38 5;869;024033750452;10;0;0;1;1;0;0;0;0;0;0;0;0;0
2003 38 5;870;024033840247;10;1;0;1;0;0;0;0;0;0;0;1;0;0
2003 38 5;871;024033820893;10;1;0;0;0;0;0;0;0;1;0;0;1;0
2003 38 5;872;024033720371;10;1;0;1;0;0;0;0;0;0;0;0;0;0
2003 38 5;873;024033840796;10;0;0;1;0;1;0;0;0;0;0;0;0;0
2003 38 5;874;024033820015;2;1;0;0;0;0;0;0;0;0;0;0;0;0
2003 38 5;875;024033750386;2;1;0;1;0;0;0;0;0;0;0;0;0;0
2003 38 5;876;024033840195;2;0;0;1;1;0;0;0;0;1;0;0;1;0
2003 38 5;877;024033820623;1;1;0;0;0;0;0;0;0;0;0;0;0;0
2003 38 5;878;024033750942;1;1;0;1;0;0;0;0;0;0;0;0;0;0
2003 38 5;879;024033821140;1;0;0;1;0;1;0;0;0;0;0;0;0;0
2003 38 5;880;024033820711;1;1;0;0;0;0;0;0;0;0;0;0;0;0
2003 38 5;881;024033710378;7;1;0;1;0;0;0;0;0;0;0;0;0;0
2003 38 5;882;024033820241;3;0;0;1;1;0;0;0;0;0;0;1;0;0
2003 38 5;883;024033830609;11;1;0;0;0;0;0;0;0;0;0;0;0;0
2003 38 5;884;024033821142;1;0;0;1;0;1;0;0;0;0;0;0;0;0
2003 38 5;885;024033750463;1;1;0;0;0;0;1;0;0;0;0;0;0;0
2003 38 5;886;024033820024;7;1;0;1;0;0;0;0;0;0;0;0;0;0
2003 38 5;887;024033820518;7;0;1;1;0;0;0;0;0;0;0;0;0;0
2003 38 5;888;024033830602;10;1;0;0;0;0;0;0;0;1;0;0;1;0
2003 38 5;889;024033820890;10;1;0;1;0;0;0;0;0;0;0;0;0;0
2003 38 5;890;024033750328;10;0;0;1;0;1;0;0;0;0;0;0;0;0
2003 38 5;891;024033821147;10;1;0;0;0;0;0;0;0;0;0;0;0;0
2003 38 5;892;024033821039;10;1;0;1;0;0;0;0;0;1;0;0;1;0
2003 38 5;893;024033840801;12;0;0;1;1;0;0;0;0;0;0;1;0;0
2003 38 5;894;024033750213;12;1;0;0;0;0;0;1;0;0;1;0;0;0
2003 38 5;895;024033821041;9;1;0;1;0;0;0;0;0;0;0;0;0;0
2003 38 5;896;024033840259;9;0;0;1;0;1;0;0;0;0;0;0;0;0
2003 38 5;897;024033750008;2;1;0;0;0;0;0;0;0;0;0;0;0;0
2003 38 5;898;024033830880;2;1;0;1;0;0;0;0;0;0;0;0;0;0
2003 38 5;899;024033740142;2;0;0;1;1;0;0;0;0;0;0;0;0;0
2003 38 5;900;024033820947;2;1;0;0;0;0;0;0;0;0;0;0;0;0
2003 38 5;901;024033830842;3;1;0;1;0;0;0;1;0;0;0;1;0;1
2003 38 5;902;024033750358;3;0;1;1;0;0;0;0;0;0;0;0;0;0
2003 38 5;903;024033830206;3;0;0;0;0;1;0;0;0;0;0;0;0;0
2003 38 5;904;024033821149;3;1;0;1;0;0;0;0;0;0;0;0;0;0
2003 38 5;905;024033820835;3;1;0;1;0;0;0;0;0;0;0;0;0;0
2003 38 5;906;024033750333;3;0;0;0;1;0;0;0;0;1;0;0;1;0
2003 38 5;907;024033830666;3;1;0;1;0;0;0;0;0;0;0;0;0;0
2003 38 5;908;024033820547;5;1;0;1;0;0;0;0;0;0;0;0;0;0
2003 38 5;909;024033750291;1;0;0;0;0;1;0;1;0;0;0;0;0;0
2003 38 5;910;024033821003;1;1;0;1;0;0;0;0;0;0;0;0;0;0
2003 38 5;911;024033750413;1;1;0;1;0;0;0;0;0;1;0;0;1;0
2003 38 5;912;024033830603;3;0;0;0;1;0;0;0;0;0;0;1;0;0
2003 38 5;913;024033820266;2;1;0;1;0;0;0;0;0;0;0;0;0;0
2003 38 5;914;024033820951;5;0;0;1;0;1;0;0;0;0;0;0;0;0
2003 38 5;915;024033720224;5;1;0;0;0;0;0;0;0;1;0;0;1;0
2003 38 5;916;024033830828;5;1;0;1;0;0;0;0;0;0;0;0;0;0
2003 38 5;917;024033821193;7;0;1;1;0;0;0;0;0;0;0;0;0;0
2003 38 5;918;024033830024;2;1;0;0;0;0;0;0;0;0;0;0;0;0
2003 38 5;919;024033820222;2;0;0;1;1;0;0;0;0;0;0;0;0;0
2003 38 5;920;024033821005;2;1;0;0;0;0;0;0;0;1;0;0;1;0
2003 38 5;921;024033840767;3;1;0;1;0;0;0;0;1;0;1;1;0;0
2003 38 5;922;024033750576;3;0;0;1;0;1;0;0;0;0;0;0;0;0
2003 38 5;923;024033840242;2;1;0;0;0;0;1;0;0;0;0;0;0;0
2003 38 5;924;024033821033;2;1;0;1;0;0;0;0;0;0;0;0;0;0
2003 38 5;925;024033750321;2;0;0;1;1;0;0;0;0;1;0;0;1;0
2003 38 5;926;024033830816;2;1;0;0;0;0;0;0;0;0;0;0;0;0
2003 38 5;927;024033740143;8;0;0;1;0;1;0;0;0;0;0;0;0;0
2003 38 5;928;024033750362;7;1;0;1;0;0;0;0;0;0;1;0;0;0
2003 38 5;929;024033830277;7;1;0;0;0;0;0;0;0;1;0;0;1;0
2003 38 5;930;024033821141;5;1;0;1;0;0;0;0;0;0;0;0;0;0
2003 38 5;931;024033750271;5;0;0;0;0;1;0;1;0;0;0;0;0;0
2003 38 5;932;024033820950;5;1;0;1;0;0;0;0;0;0;0;0;0;0
2003 38 5;933;024033820257;5;1;0;1;0;0;0;0;0;0;0;0;0;0
2003 38 5;934;024033750575;11;0;0;0;1;0;0;0;0;0;0;1;0;0
2003 38 5;935;024033830582;11;1;0;1;0;0;0;0;0;0;0;0;0;0
2003 38 5;936;024033820586;11;1;0;1;0;0;0;0;0;1;0;0;1;0
2003 38 5;937;024033821198;11;0;0;0;0;1;0;0;0;0;0;0;0;0
2003 38 5;938;024033820861;11;1;0;1;0;0;0;0;0;0;0;0;0;0
2003 38 5;939;024033820944;11;1;0;0;0;0;0;0;0;0;0;0;0;0
2003 38 5;940;024033830822;3;0;0;1;1;0;0;0;0;0;0;1;0;0
2003 38 5;941;024033750371;10;1;0;1;0;0;0;0;0;0;0;0;0;0
2003 38 5;942;024033750467;10;1;0;0;0;0;0;0;0;0;1;0;0;0
2003 38 5;943;024033840153;10;0;0;1;0;1;0;0;0;0;0;0;0;0
2003 38 5;944;024033750450;10;1;0;1;0;0;0;0;0;0;0;0;0;0
2003 38 5;945;024033820350;10;1;0;0;0;0;0;0;0;0;0;0;0;0
2003 38 5;946;024033830597;3;0;0;1;1;0;0;0;0;0;0;0;0;0
2003 38 5;947;024033720245;13;1;0;1;0;0;0;0;0;0;0;0;0;0
2003 38 5;948;024033820215;12;1;0;0;0;0;0;0;0;0;1;0;0;0
2003 38 5;949;024033830062;3;0;1;1;0;0;0;0;0;0;0;0;0;0
2003 38 5;950;024033820830;3;1;0;1;0;0;0;0;0;0;0;1;0;0
2003 38 5;951;024033840717;3;0;0;0;0;1;0;0;0;0;0;0;0;0
2003 38 5;952;024033750270;3;1;0;1;0;0;0;0;0;0;0;0;0;0
2003 38 5;953;024033830250;3;0;0;1;1;0;0;0;0;1;0;0;1;0
2003 38 5;954;024033820575;3;1;0;0;0;0;0;0;0;0;0;0;0;0
2003 38 5;955;024033750324;3;1;0;1;0;0;0;0;0;0;0;0;0;0
2003 38 5;956;024033830599;3;0;0;1;0;1;0;0;0;0;0;0;0;0
2003 38 5;957;024033820878;7;1;0;0;0;0;0;0;0;1;0;0;1;0
2003 38 5;958;024033821096;7;1;0;1;0;0;0;0;0;0;0;0;0;0
2003 38 5;959;024033730010;7;0;0;1;1;0;0;0;0;0;0;1;0;0
2003 38 5;960;024033820546;2;1;0;0;0;0;0;0;0;0;0;0;0;0
2003 38 5;961;024033820834;2;1;0;1;0;0;0;0;0;0;0;0;0;0
2003 38 5;962;024033830523;10;0;0;1;0;1;0;0;0;0;0;0;0;0
2003 38 5;963;024033821146;10;1;0;0;0;0;0;1;0;0;1;0;0;0
2003 38 5;964;024033750558;5;0;1;1;0;0;0;0;0;0;0;0;0;0
2003 38 5;965;024033830805;5;1;0;1;0;0;0;0;0;0;0;0;0;0
2003 38 5;966;024033820838;8;1;0;0;0;0;0;0;0;0;0;0;0;0
2003 38 5;967;024033820006;8;0;0;1;0;1;0;0;0;0;0;0;0;0
2003 38 5;968;024033830020;12;1;0;1;0;0;0;0;0;0;0;0;0;0
2003 38 5;969;024033820186;12;1;0;0;0;0;0;1;0;0;1;0;0;0
2003 38 5;970;024033750190;12;0;0;1;1;0;0;0;0;0;0;1;0;0
2003 38 5;971;024033750545;12;1;0;0;0;0;0;0;0;1;0;0;1;0
2003 38 5;972;024033820929;3;1;0;1;0;0;0;0;0;0;0;0;0;0
2003 38 5;973;024033830719;3;0;0;1;0;1;0;0;0;0;0;0;0;0
2003 38 5;974;024033750003;3;1;0;0;0;0;0;1;0;0;0;0;0;0
2003 38 5;975;024033750308;3;1;0;1;0;0;0;0;0;0;0;0;0;0
2003 38 5;976;024033810117;3;0;0;1;1;0;0;0;0;0;0;0;0;0
2003 38 5;977;024033750363;1;1;0;0;0;0;0;0;0;1;0;0;1;0
2003 38 5;978;024033820348;1;1;0;1;0;0;0;0;0;0;0;0;0;0
2003 38 5;979;024033830571;1;0;0;1;0;1;0;0;0;0;0;0;0;0
2003 38 5;980;024033820844;1;1;0;0;0;0;1;0;0;0;1;0;0;0
2003 38 5;981;024033821015;1;1;0;1;0;0;0;0;0;0;0;0;0;0
2003 38 5;982;024033821186;5;0;0;0;1;0;0;0;0;0;0;1;0;0
2003 38 5;983;024033710061;5;1;0;1;0;0;0;0;0;0;0;0;0;0
2003 38 5;984;024033830460;5;1;0;1;0;0;0;0;0;0;0;0;0;0
2003 38 5;985;024033830815;5;0;0;0;0;1;0;0;0;0;0;0;0;0
2003 38 5;986;024033750283;5;1;0;1;0;0;0;0;0;0;0;0;0;0
2003 38 5;987;024033821169;6;1;0;0;0;0;0;1;0;0;1;0;0;0
2003 38 5;988;024033821006;6;1;0;1;0;0;0;0;0;0;0;0;0;0
2003 38 5;989;024033830027;3;0;0;0;1;0;0;0;0;1;0;1;1;0
2003 38 5;990;024033750449;3;1;0;1;0;0;0;0;0;0;0;0;0;0
2003 38 5;991;024033840749;1;0;0;0;0;1;0;0;0;0;0;0;0;0
2003 38 5;992;024033820866;1;1;0;1;0;0;0;0;0;0;0;0;0;0
2003 38 5;993;024033820892;7;0;1;1;0;0;0;0;0;0;0;0;0;0
2003 38 5;994;024033820324;3;1;0;0;0;0;0;0;0;1;0;0;1;0
2003 38 5;995;024033820196;3;1;0;1;0;0;0;1;0;0;0;1;0;1
2003 38 5;996;024033820852;3;0;0;1;0;1;0;0;0;0;0;0;0;0
2003 38 5;997;024033840745;12;1;0;0;0;0;0;0;0;0;0;0;0;0
2003 38 5;998;024033750341;5;1;0;1;0;0;0;0;0;0;0;0;0;0
2003 38 5;999;024033820891;5;0;0;1;1;0;0;0;0;1;0;0;1;0
2003 38 5;1000;024033810411;12;1;0;0;0;0;0;0;0;0;1;0;0;0
2003 38 5;1001;024033750439;12;1;0;1;0;0;0;0;0;0;0;0;0;0
2003 38 5;1002;024033840797;1;0;0;1;0;1;0;0;0;0;0;0;0;0
2003 38 5;1003;024033821161;1;1;0;0;0;0;0;0;0;1;0;0;1;0
2003 38 5;1004;024033820392;1;1;0;1;0;0;0;0;0;0;0;0;0;0
2003 38 5;1005;024033830058;6;0;0;1;1;0;0;0;0;0;0;1;0;0
2003 38 5;1006;024033820151;6;1;0;0;0;0;0;0;0;0;0;0;0;0
2003 38 5;1007;024033830574;1;0;0;1;0;1;0;0;0;0;0;0;0;0
2003 38 5;1008;024033820747;1;1;0;1;0;0;0;0;0;0;0;0;0;0
2003 38 5;1009;024033820885;1;1;0;0;0;0;0;0;0;0;0;0;0;0
2003 38 5;1010;024033730312;1;0;0;0;0;1;0;0;0;0;0;0;0;0
2003 38 5;1011;024033820239;3;1;0;1;0;0;0;0;0;0;0;1;0;0
2003 38 5;1012;024033750250;3;1;0;1;0;0;0;0;0;0;0;0;0;0
2003 38 5;1013;024033840818;3;0;0;0;0;1;0;0;0;0;0;0;0;0
2003 38 5;1014;024033820765;10;1;0;1;0;0;0;0;0;0;0;0;0;0
2003 38 5;1015;024033750368;10;0;0;0;1;0;0;0;0;0;0;0;0;0
2003 38 5;1016;024033840012;10;1;0;1;0;0;0;0;0;0;1;0;0;0
2003 38 5;1017;024033820013;10;1;0;1;0;0;0;0;0;0;0;0;0;0
2003 38 5;1018;024033840716;10;0;0;0;0;1;0;1;0;0;0;0;0;0
2003 38 5;1019;024033750244;3;1;0;1;0;0;0;0;0;0;0;0;0;0
2003 38 5;1020;024033820377;3;0;0;1;1;0;0;0;0;0;0;1;0;0
2003 38 5;1021;024033820287;7;1;0;0;0;0;0;0;0;1;0;0;1;0
2003 38 5;1022;024033730133;7;1;0;1;0;0;0;0;0;0;0;0;0;0
2003 38 5;1023;024033830684;7;0;1;1;0;0;0;0;0;0;0;0;0;0
2003 38 5;1024;024033820172;7;1;0;0;0;0;0;0;0;0;0;0;0;0
2003 38 5;1025;024033840175;11;0;0;1;0;1;0;0;0;0;0;0;0;0
2003 38 5;1026;024033750484;2;0;0;1;1;0;0;0;0;1;0;0;1;0
2003 38 5;1027;024033820573;2;1;0;0;0;0;0;0;0;0;1;0;0;0
2003 38 5;1028;024033830604;2;1;0;1;0;0;0;0;0;0;0;1;0;0
2003 38 5;1029;024033820803;6;1;0;0;0;0;0;0;0;0;0;0;0;0
2003 38 5;1030;024033811351;6;0;0;1;0;1;0;0;0;0;0;0;0;0
2003 38 5;1031;024033820936;6;1;0;1;0;0;0;0;0;0;0;0;0;0
2003 38 5;1032;024033750300;6;0;0;0;1;0;0;0;0;1;0;1;1;0
2003 38 5;1033;024033840823;2;1;0;1;0;0;0;0;0;0;1;0;0;0
2003 38 5;1034;024033820544;2;1;0;1;0;0;0;0;0;0;0;0;0;0
2003 38 5;1035;024033750279;3;0;0;0;0;1;0;1;0;0;0;0;0;0
2003 38 5;1036;024033830105;3;1;0;1;0;0;0;0;0;0;0;0;0;0
2003 38 5;1037;024033820941;3;1;0;1;0;0;0;0;0;0;0;0;0;0
2003 38 5;1038;024033820709;3;0;0;0;1;0;0;0;0;1;0;1;1;0
2003 38 5;1039;024033830569;1;1;0;1;0;0;0;0;0;0;0;0;0;0
2003 38 5;1040;024033820579;1;1;0;1;0;0;0;0;0;0;0;0;0;0
2003 38 5;1041;024033740197;1;0;0;0;0;1;0;1;0;0;0;0;0;0
2003 38 5;1042;024033820011;9;1;0;1;0;0;0;0;0;0;0;0;0;0
2003 38 5;1043;024033820164;9;1;0;1;0;0;0;0;0;0;0;0;0;0
2003 38 5;1044;024033830610;8;0;0;0;1;0;0;0;0;1;0;1;1;0
2003 38 5;1045;024033750284;8;1;0;1;0;0;0;0;0;0;0;0;0;0
2003 38 5;1046;024033820833;8;0;0;0;0;1;0;1;0;0;0;0;0;0
2003 38 5;1047;024033740286;8;1;0;1;0;0;0;0;0;0;0;0;0;0
2003 38 5;1048;024033820864;5;1;0;1;0;0;0;0;0;0;0;0;0;0
2003 38 5;1049;024033820211;5;0;0;0;0;1;0;1;0;0;0;0;0;0
2003 38 5;1050;024033830291;5;1;0;1;0;0;0;0;0;0;0;0;0;0
2003 38 5;1051;024033830522;2;0;0;1;1;0;0;0;0;1;0;1;1;0
2003 38 5;1052;024033820849;2;1;0;0;0;0;0;0;0;0;1;0;0;0
2003 38 5;1053;024033820054;2;1;0;1;0;0;0;0;0;0;0;0;0;0
2003 38 5;1054;024033840205;2;1;0;1;0;0;0;0;0;0;0;0;0;0
2003 38 5;1055;024033820879;1;0;0;0;0;1;0;1;0;0;0;0;0;0
2003 38 5;1056;024033750564;7;0;1;1;0;0;0;0;0;0;0;0;0;0
2003 38 5;1057;024033830584;7;1;0;1;0;0;0;0;0;0;0;0;0;0
2003 38 5;1058;024033821190;5;0;0;0;1;0;0;0;0;0;0;1;0;0
2003 38 5;1059;024033740082;5;1;0;1;0;0;0;0;0;0;0;0;0;0
2003 38 5;1060;024033750533;5;1;0;1;0;0;0;0;0;0;0;0;0;0
2003 38 5;1061;024033820361;6;0;0;0;0;1;0;1;0;0;0;0;0;0
2003 38 5;1062;024033820962;6;1;0;1;0;0;0;0;0;0;0;0;0;0
2003 38 5;1063;024033750572;6;1;0;0;0;0;0;0;0;0;0;0;0;0
2003 38 5;1064;024033830809;3;0;0;1;1;0;0;0;0;1;0;0;1;0
2003 38 5;1065;024033750364;3;1;0;1;0;0;0;0;0;0;0;1;0;0
2003 38 5;1066;024033820529;11;0;0;0;0;1;0;1;0;0;0;0;0;0
2003 38 5;1067;024033820370;11;1;0;1;0;0;0;0;0;0;1;0;0;0
2003 38 5;1068;024033750267;2;1;0;0;0;0;0;0;0;0;0;0;0;0
2003 38 5;1069;024033820254;2;0;0;1;1;0;0;0;0;0;0;0;0;0
2003 38 5;1070;024033830553;2;1;0;1;0;0;0;0;0;0;0;0;0;0
2003 38 5;1071;024033750498;1;0;0;0;0;1;0;1;0;0;0;0;0;0
2003 38 5;1072;024033821163;1;1;0;1;0;0;0;0;0;0;0;1;0;0
2003 38 5;1073;024033840188;4;0;1;1;0;0;0;0;0;0;0;0;0;0
2003 38 5;1074;024033750405;4;1;0;0;0;0;0;0;0;0;1;0;0;0
2003 38 5;1075;024033840759;4;1;0;1;0;0;0;0;0;0;0;0;0;0
2003 38 5;1076;024033740291;11;0;0;0;0;1;0;1;0;0;0;0;0;0
2003 38 5;1077;024033820576;9;1;0;1;0;0;0;0;0;0;0;0;0;0
2003 38 5;1078;024033830184;12;1;0;1;0;0;0;0;0;0;0;0;0;0
2003 38 5;1079;024033750274;8;0;0;0;0;1;0;1;0;0;0;0;0;0
2003 38 5;1080;024033820219;8;1;0;1;0;0;0;0;0;0;0;0;0;0
2003 38 5;1081;024033830583;8;0;0;1;1;0;0;0;0;0;0;1;0;0
2003 38 5;1082;024033750348;11;1;0;0;0;0;0;1;0;0;1;0;0;0
2003 38 5;1083;024033821144;11;1;0;1;0;0;0;0;0;0;0;0;0;0
2003 38 5;1084;024033740087;11;0;0;0;0;1;0;0;0;0;0;0;0;0
2003 38 5;1085;024033840143;6;1;0;1;0;0;0;0;0;0;0;0;0;0
2003 38 5;1086;024033821143;6;1;0;0;0;0;0;0;0;0;0;0;0;0
2003 38 5;1087;024033750407;6;0;0;1;1;0;0;0;0;1;0;0;1;0
2003 38 5;1088;024033830531;6;1;0;0;0;0;0;0;0;0;1;0;0;0
2003 38 5;1089;024033820162;6;1;0;1;0;0;0;0;0;0;0;1;0;0
2003 38 5;1090;024033821120;5;0;0;1;0;1;0;0;0;0;0;0;0;0
2003 38 5;1091;024033710318;6;1;0;0;0;0;0;0;0;0;0;0;0;0
2003 38 5;1092;024033820823;6;1;0;1;0;0;0;0;0;0;0;0;0;0
2003 38 5;1093;024033820515;3;0;0;1;1;0;0;1;0;0;0;0;0;1
2003 38 5;1094;024033750546;3;1;0;0;0;0;0;0;0;1;0;0;1;0
2003 38 5;1095;024033820758;9;1;0;1;0;0;0;0;0;0;0;0;0;0
2003 38 5;1096;024033820221;6;0;0;0;0;1;0;1;0;0;0;0;0;0
2003 38 5;1097;024033830061;6;1;0;1;0;0;0;0;0;0;0;0;0;0
2003 38 5;1098;024033750338;3;1;0;1;0;0;0;0;0;0;1;1;0;0
2003 38 5;1099;024033820175;7;0;0;0;1;0;0;0;0;0;0;0;0;0
2003 38 5;1100;024033830530;7;1;0;0;0;0;0;0;0;1;0;0;1;0
2003 38 5;1101;024033750034;7;1;0;1;0;0;0;0;0;0;0;0;0;0
2003 38 5;1102;024033820122;7;0;1;1;0;0;0;0;0;0;0;0;0;0
2003 38 5;1103;024033820528;10;1;0;0;0;0;0;0;0;1;0;0;1;0
2003 38 5;1104;024033550610;10;0;0;1;0;1;0;0;0;0;0;0;0;0
2003 38 5;1105;024033821031;10;1;0;0;0;0;0;0;0;0;0;0;0;0
2003 38 5;1106;024033830005;10;1;0;1;0;0;0;0;0;0;1;0;0;0
2003 38 5;1107;024033750256;6;0;0;1;1;0;0;0;0;0;0;1;0;0
2003 38 5;1108;024033820679;6;1;0;0;0;0;0;0;0;0;0;0;0;0
2003 38 5;1109;024033821200;6;1;0;1;0;0;0;0;0;0;0;0;0;0
2003 38 5;1110;024033750394;1;0;0;1;0;1;0;0;0;0;0;0;0;0
2003 38 5;1111;024033830884;1;1;0;0;0;0;0;0;0;0;0;0;0;0
2003 38 5;1112;024033820967;8;1;0;1;0;0;0;0;0;0;0;0;0;0
2003 38 5;1113;024033750424;3;0;0;1;1;0;0;0;0;0;0;0;0;0
2003 38 5;1114;024033830801;3;1;0;0;0;0;0;0;0;1;0;0;1;0
2003 38 5;1115;024033820208;3;1;0;1;0;0;0;0;1;0;1;1;0;0
2003 38 5;1116;024033810222;3;0;0;0;0;1;0;1;0;0;0;0;0;0
2003 38 5;1117;024033750390;6;1;0;1;0;0;0;0;0;0;0;0;0;0
2003 38 5;1118;024033840064;6;1;0;0;0;0;0;0;0;0;0;0;0;0
2003 38 5;1119;024033820554;6;1;0;1;0;0;0;0;0;0;0;0;0;0
2003 38 5;1120;024033830573;6;0;0;1;1;0;0;0;0;0;0;0;0;0
2003 38 5;1121;024033750416;6;1;0;0;0;0;0;0;0;0;1;0;0;0
2003 38 5;1122;024033821013;10;1;0;1;0;0;0;0;0;1;0;0;1;0
2003 38 5;1123;024033840140;10;1;0;1;0;0;0;0;0;0;0;1;0;0
2003 38 5;1124;024033750522;10;0;0;0;0;1;0;0;0;0;0;0;0;0
2003 38 5;1125;024033740652;7;1;0;1;0;0;0;0;0;0;0;0;0;0
2003 38 5;1126;024033830683;7;0;1;1;0;0;0;0;0;0;0;0;0;0
2003 38 5;1127;024033750417;1;1;0;0;0;0;0;0;0;0;1;0;0;0
2003 38 5;1128;024033820570;1;1;0;1;0;0;0;0;0;0;0;0;0;0
2003 38 5;1129;024033830304;1;0;0;1;0;1;0;0;0;0;0;0;0;0
2003 38 5;1130;024033740298;12;1;0;0;0;0;0;0;0;0;0;0;0;0
2003 38 5;1131;024033821219;3;0;0;1;1;0;0;0;0;0;0;1;0;0
2003 38 5;1132;024033830835;1;1;0;1;0;0;0;0;0;1;0;0;1;0
2003 38 5;1133;024033750248;1;1;0;0;0;0;0;0;0;0;0;0;0;0
2003 38 5;1134;024033821085;1;0;0;1;0;1;0;0;0;0;0;0;0;0
2003 38 5;1135;024033820168;1;1;0;1;0;0;0;0;0;1;0;0;1;0
2003 38 5;1136;024033750301;1;1;0;0;0;0;0;0;0;0;0;0;0;0
2003 38 5;1137;024033821094;3;0;0;1;1;0;0;1;0;0;0;1;0;1
2003 38 5;1138;024033840741;3;1;0;1;0;0;0;0;0;0;0;0;0;0
2003 38 5;1139;024033820948;3;0;0;0;0;1;0;0;0;0;0;0;0;0
2003 38 5;1140;024033750361;3;1;0;1;0;0;0;0;0;0;0;0;0;0
2003 38 5;1141;024033840774;8;1;0;0;0;0;0;0;0;0;1;0;0;0
2003 38 5;1142;024033820949;7;0;1;1;0;0;0;0;0;0;0;0;0;0
2003 38 5;1143;024033840246;10;1;0;1;0;0;0;0;0;0;0;0;0;0
2003 38 5;1144;024033750212;10;0;0;0;0;1;0;0;0;0;0;0;0;0
2003 38 5;1145;024033820027;10;1;0;1;0;0;0;0;0;0;0;0;0;0
2003 38 5;1146;024033840772;3;0;0;1;1;0;0;0;0;0;0;1;0;0
2003 38 5;1147;024033820207;11;1;0;0;0;0;0;1;0;0;1;0;0;0
2003 38 5;1148;024033750281;1;1;0;1;0;0;0;0;0;1;0;0;1;0
2003 38 5;1149;024033730382;1;1;0;1;0;0;0;0;0;0;0;0;0;0
2003 38 5;1150;024033650753;1;0;0;1;0;1;0;0;0;0;0;0;0;0
2003 38 5;1151;024033750264;10;1;0;0;0;0;0;0;0;0;0;0;0;0
2003 38 5;1152;024033820213;10;1;0;1;0;0;0;0;0;0;0;1;0;0
2003 38 5;1153;024033830063;10;0;0;1;1;0;0;0;0;1;0;0;1;0
2003 38 5;1154;024033750011;10;1;0;0;0;0;0;0;0;0;1;0;0;0
2003 38 5;1155;024033840712;10;1;0;1;0;0;0;0;0;0;0;0;0;0
2003 38 5;1156;024033820201;10;0;0;1;0;1;0;0;0;0;0;0;0;0
2003 38 5;1157;024033740449;10;1;0;0;0;0;0;0;0;0;0;0;0;0
2003 38 5;1158;024033821004;3;1;0;1;0;0;0;0;0;0;0;0;0;0
2003 38 5;1159;024033820953;3;0;0;0;1;0;0;0;0;1;0;1;1;0
2003 38 5;1160;024033830543;3;1;0;1;0;0;0;0;0;0;0;0;0;0
2003 38 5;1161;024033820991;1;1;0;1;0;0;0;0;0;0;0;0;0;0
2003 38 5;1162;024033750198;1;0;0;0;0;1;0;0;0;0;0;0;0;0
2003 38 5;1163;024033730067;6;1;0;1;0;0;0;0;0;0;0;0;0;0
2003 38 5;1164;024033820661;3;1;0;0;0;0;0;0;0;0;0;0;0;0
2003 38 5;1165;024033750211;3;0;0;1;1;0;0;0;0;1;0;0;1;0
2003 38 5;1166;024033840734;11;1;0;1;0;0;0;0;0;0;0;0;0;0
2003 38 5;1167;024033730774;11;1;0;0;0;0;0;0;0;0;0;0;0;0
2003 38 5;1168;024033820927;11;0;0;1;0;1;0;0;0;0;0;0;0;0
2003 38 5;1169;024033740514;7;1;0;0;0;0;0;0;0;1;0;0;1;0
2003 38 5;1170;024033830576;7;0;1;1;0;0;0;0;0;0;0;0;0;0
2003 38 5;1171;024033820346;7;1;0;1;0;0;0;0;0;0;0;0;0;0
2003 38 5;1172;024033750395;13;0;0;0;0;1;0;1;0;0;0;0;0;0
2003 38 5;1173;024033840101;11;1;0;1;0;0;0;0;0;0;0;0;0;0
2003 38 5;1174;024033820163;11;0;0;0;1;0;0;0;0;1;0;1;1;0
2003 38 5;1175;024033830552;11;1;0;1;0;0;0;0;0;0;0;0;0;0
2003 38 5;1176;024033750491;11;1;0;1;0;0;0;0;0;0;0;0;0;0
2003 38 5;1177;024033740351;6;0;0;0;0;1;0;0;0;0;0;0;0;0
2003 38 5;1178;024033840104;6;1;0;1;0;0;0;0;0;0;0;0;0;0
2003 38 5;1179;024033820875;6;1;0;1;0;0;0;0;0;0;0;0;0;0
2003 38 5;1180;024033820814;6;1;0;0;0;0;0;0;0;0;0;0;0;0
2003 38 5;1181;024033750583;6;1;0;0;0;0;0;0;0;0;1;0;0;0
2003 38 5;1182;024033840739;3;0;0;1;1;0;0;0;0;0;0;1;0;0
2003 38 5;1183;024033820137;3;1;0;1;0;0;0;0;0;0;0;0;0;0
2003 38 5;1184;024033750249;13;0;0;0;0;1;0;0;0;0;0;0;0;0
2003 38 5;1185;024033840815;13;1;0;1;0;0;0;0;0;0;0;0;0;0
2003 38 5;1186;024033820800;13;0;1;1;0;0;0;0;0;0;0;0;0;0
2003 38 5;1187;024033750316;1;1;0;0;0;0;0;0;0;0;0;0;0;0
2003 38 5;1188;024033820809;1;1;0;1;0;0;0;0;0;0;0;0;0;0
2003 38 5;1189;024033820961;1;0;0;1;0;1;0;0;0;0;0;0;0;0
2003 38 5;1190;024033840775;1;1;0;0;0;0;1;0;0;0;1;0;0;0
2003 38 5;1191;024033750360;5;0;0;1;1;0;0;0;0;0;0;1;0;0
2003 38 5;1192;024033840263;5;1;0;1;0;0;0;0;0;0;0;0;0;0
2003 38 5;1193;024033820231;5;1;0;0;0;0;0;0;0;1;0;0;1;0
2003 38 5;1194;024033820001;5;0;0;1;0;1;0;0;0;0;0;0;0;0
2003 38 5;1195;024033830006;2;1;0;1;0;0;0;0;0;0;0;0;0;0
2003 38 5;1196;024033820853;12;1;0;0;0;0;0;0;0;0;0;0;0;0
2003 38 5;1197;024033720154;1;1;0;1;0;0;0;0;0;0;0;0;0;0
2003 38 5;1198;024033820352;1;0;0;1;0;1;0;0;0;0;0;0;0;0
2003 38 5;1199;024033750406;1;1;0;0;0;0;0;0;0;0;0;0;0;0
2003 38 5;1200;024033830577;1;1;0;1;0;0;0;0;1;0;1;1;0;0
2003 38 5;1201;024033820992;5;0;1;1;0;0;0;0;0;0;0;0;0;0
2003 38 5;1202;024033750343;5;1;0;0;0;0;0;0;0;0;0;0;0;0
2003 38 5;1203;024033840245;5;1;0;1;0;0;0;0;0;0;0;0;0;0
2003 38 5;1204;024033820119;5;0;0;1;0;1;0;0;0;0;0;0;0;0
2003 38 5;1205;024033830777;5;1;0;0;0;0;0;0;0;1;0;0;1;0
2003 38 5;1206;024033750257;12;1;0;0;0;0;0;0;0;0;1;0;0;0
2003 38 5;1207;024033750567;1;0;0;1;1;0;0;0;0;0;0;1;0;0
2003 38 5;1208;024033840732;1;1;0;0;0;0;0;0;0;1;0;0;1;0
2003 38 5;1209;024033750556;1;1;0;1;0;0;0;0;0;0;0;0;0;0
2003 38 5;1210;024033840072;1;1;0;1;0;0;0;0;0;0;0;0;0;0
2003 38 5;1211;024033740088;1;0;0;0;0;1;0;1;0;0;0;0;0;1
2003 38 5;1212;024033750215;1;1;0;1;0;0;0;0;0;0;0;0;0;0
2003 38 5;1213;024033840742;10;1;0;1;0;0;0;0;0;0;0;0;0;0
2003 38 5;1214;024033820664;10;0;0;0;1;0;1;0;0;1;0;0;1;0
2003 38 5;1215;024033750465;10;1;0;1;0;0;0;0;0;0;0;0;0;0
2003 38 5;1216;024033840192;10;1;0;1;0;0;0;0;0;0;0;0;0;0
2003 38 5;1217;024033821129;10;0;0;0;0;1;0;0;0;0;0;0;0;0
2003 38 5;1218;024033750397;3;1;0;1;0;0;0;0;0;0;0;0;0;0
2003 38 5;1219;024033840810;3;1;0;1;0;0;0;0;1;0;1;1;0;0
2003 38 5;1220;024033820822;6;0;0;0;1;0;0;0;0;0;0;0;0;0
2003 38 5;1221;024033820195;6;1;0;1;0;0;0;0;0;0;0;0;0;0
2003 38 5;1222;024033720054;6;1;0;1;0;0;0;0;0;0;0;0;0;0
2003 38 5;1223;024033750520;6;0;0;0;0;1;0;0;0;0;0;0;0;0
2003 38 5;1224;024033820351;6;1;0;1;0;0;0;0;0;0;0;0;0;0
2003 38 5;1225;024033830580;6;1;0;1;0;0;0;0;0;0;0;0;0;0
2003 38 5;1226;024033750493;12;0;0;0;1;0;0;0;0;0;0;1;0;0
2003 38 5;1227;024033820876;12;1;0;1;0;0;0;0;0;0;0;0;0;0
2003 38 5;1228;024033710192;4;1;0;1;0;0;0;0;0;0;0;0;0;0
2003 38 5;1229;024033820200;1;0;0;0;0;1;0;0;0;0;0;0;0;0
2003 38 5;1230;024033750525;1;1;0;0;0;0;0;0;0;0;1;0;0;0
2003 38 5;1231;024033830579;1;1;0;1;0;0;0;0;0;0;0;0;0;0
2003 38 5;1232;024033821014;2;0;0;1;1;0;0;0;0;1;0;0;1;0
2003 38 5;1233;024033840100;2;1;0;0;0;0;1;0;0;0;0;0;0;0
2003 38 5;1234;024033740366;2;1;0;1;0;0;0;0;0;0;0;0;0;0
2003 38 5;1235;024033640978;3;0;0;1;0;1;0;0;0;0;0;0;0;0
2003 38 5;1236;024033821099;3;1;0;0;0;0;0;0;0;0;0;0;0;0
2003 38 5;1237;024033821088;3;1;0;1;0;0;0;0;0;0;0;0;0;0
2003 38 5;1238;024033820220;3;1;0;1;0;0;0;0;1;0;1;1;0;0
2003 38 5;1239;024033830774;3;0;0;1;0;1;0;0;0;0;0;0;0;0
2003 38 5;1240;024033820831;3;1;0;0;0;0;0;0;0;1;0;0;1;0
2003 38 5;1241;024033820347;3;1;0;1;0;0;0;0;0;0;0;0;0;0
2003 38 5;1242;024033820297;3;0;0;1;1;0;0;0;0;0;0;0;0;0
2003 38 5;1243;024033750489;1;1;0;0;0;0;0;0;0;1;0;0;1;0
2003 38 5;1244;024033820860;1;0;0;1;0;1;0;0;0;0;0;0;0;0
2003 38 5;1245;024033830551;1;1;0;1;0;0;0;0;0;0;0;0;0;0
2003 38 5;1246;024033820010;1;1;0;0;0;0;0;0;0;0;1;0;0;0
2003 38 5;1247;024033820589;1;0;1;1;0;0;0;0;0;0;0;0;0;0
2003 38 5;1248;024033710231;1;1;0;1;0;0;0;0;0;0;0;1;0;0
2003 38 5;1249;024033820708;1;0;0;0;0;1;0;1;0;0;0;0;0;0
2003 38 5;1250;024033820859;1;1;0;1;0;0;0;0;0;0;0;0;0;0
2003 38 5;1251;024033840168;1;1;0;1;0;0;0;0;0;0;0;0;0;0
2003 38 5;1252;024033820192;11;0;0;0;1;0;1;0;0;0;0;0;0;0
2003 38 5;1253;024033840798;11;1;0;0;0;0;0;0;0;0;1;0;0;0
2003 38 5;1254;024033750387;3;1;0;1;0;0;0;0;0;0;0;0;0;0
2003 38 5;1255;024033840268;3;0;0;1;0;1;0;0;0;0;0;0;0;0
2003 38 5;1256;024033820549;3;1;0;0;0;0;0;0;0;0;0;0;0;0
2003 38 5;1257;024033740295;3;0;0;1;1;0;0;0;0;0;0;1;0;0
2003 38 5;1258;024033830528;3;1;0;1;0;0;0;0;0;1;0;0;1;0
2003 38 5;1259;024033821138;8;1;0;0;0;0;0;0;0;0;0;0;0;0
2003 38 5;1260;024033750565;8;0;0;1;0;1;0;0;0;0;0;0;0;0
2003 38 5;1261;024033830746;8;1;0;0;0;0;0;0;0;0;1;0;0;0
2003 38 5;1262;024033821270;8;1;0;1;0;0;0;0;0;0;0;0;0;0
2003 38 5;1263;024033830648;8;0;0;1;1;0;0;0;0;0;0;1;0;0
2003 38 5;1264;024033820820;5;1;0;0;0;0;0;0;0;1;0;0;1;0
2003 38 5;1265;024033820933;5;0;0;1;0;1;0;0;0;0;0;0;0;0
2003 38 5;1266;024033840075;5;1;0;1;0;0;0;0;0;0;0;0;0;0
2003 38 5;1267;024033750252;7;1;0;0;0;0;0;0;0;1;0;0;1;0
2003 38 5;1268;024033820355;7;0;1;1;0;0;0;0;0;0;0;0;0;0
2003 38 5;1269;024033750346;7;1;0;1;0;0;0;0;0;0;0;0;0;0
2003 38 5;1270;024033740245;10;0;0;0;0;1;0;0;0;0;0;0;0;0
2003 38 5;1271;024033840187;10;1;0;1;0;0;0;0;0;0;1;0;0;0
2003 38 5;1272;024033820873;10;1;0;1;0;0;0;0;0;0;0;0;0;0
2003 38 5;1273;024033750268;10;0;0;0;1;0;0;0;0;0;0;1;0;0
2003 38 5;1274;024033750963;10;1;0;1;0;0;0;0;0;0;0;0;0;0
2003 38 5;1275;024033820712;10;1;0;1;0;0;0;0;0;0;0;0;0;0
2003 38 5;1276;024033820868;10;0;0;0;0;1;0;0;0;0;0;0;0;0
2003 38 5;1277;024033740373;10;1;0;1;0;0;0;0;0;0;0;0;0;0
2003 38 5;1278;024033820145;10;1;0;0;0;0;0;1;0;0;1;0;0;0
2003 38 5;1279;024033820408;3;0;0;1;1;0;0;0;0;1;0;0;1;0
2003 38 5;1280;024033840090;3;1;0;1;0;0;0;0;0;0;0;1;0;0
2003 38 5;1281;024033820825;3;0;0;0;0;1;0;0;0;0;0;0;0;0
2003 38 5;1282;024033821151;9;1;0;1;0;0;0;0;0;0;0;0;0;0
2003 38 5;1283;024033750896;9;0;1;1;0;0;0;0;0;0;0;0;0;0
2003 38 5;1284;024033820584;9;1;0;0;0;0;0;0;0;0;1;0;0;0
2003 38 5;1285;024033820813;9;1;0;1;0;0;0;0;0;0;0;0;0;0
2003 38 5;1286;024033710268;9;0;0;1;0;1;0;0;0;0;0;0;0;0
2003 38 5;1287;024033821145;12;1;0;0;0;0;0;0;0;0;0;0;0;0
2003 38 5;1288;024033830581;12;0;0;1;1;0;0;0;1;1;0;1;1;0
2003 38 5;1289;024033750585;12;1;0;1;0;0;0;0;0;0;0;0;0;0
2003 38 5;1290;024033820665;12;1;0;0;0;0;0;0;0;0;0;0;0;0
2003 38 5;1291;024033820882;5;0;0;1;0;1;0;0;0;0;0;0;0;0
2003 38 5;1292;024033750366;5;1;0;1;0;0;0;0;0;0;0;0;0;0
2003 38 5;1293;024033830575;5;1;0;0;0;0;0;0;0;0;0;0;0;0
2003 38 5;1294;024033820169;2;0;0;1;1;0;0;0;0;1;0;0;1;0
2003 38 5;1295;024033740078;2;1;0;1;0;0;0;0;0;0;0;0;0;0
2003 38 5;1296;024033840212;11;1;0;0;0;0;0;1;0;0;1;0;0;0
2003 38 5;1297;024033820152;11;0;0;1;0;1;0;0;0;0;0;0;0;0
2003 38 5;1298;024033820012;2;1;0;1;0;0;0;0;0;0;0;1;0;0
2003 38 5;1299;024033750954;2;1;0;0;0;0;0;0;0;0;0;0;0;0
2003 38 5;1300;024033820863;2;0;0;1;1;0;0;0;0;1;0;0;1;0
2003 38 5;1301;024033750325;2;1;0;1;0;0;0;0;0;0;0;0;0;0
2003 38 5;1302;024033820959;6;0;0;0;0;1;0;1;0;0;0;0;0;0
2003 38 5;1303;024033840787;6;1;0;1;0;0;0;0;0;0;0;0;0;0
2003 38 5;1304;024033750383;7;0;1;1;0;0;0;0;0;0;0;0;0;0
2003 38 5;1305;024033820815;7;1;0;0;0;0;0;0;0;1;0;0;1;0
2003 38 5;1306;024033810026;10;1;0;1;0;0;0;0;0;0;0;0;0;0
2003 38 5;1307;024033750396;10;0;0;1;0;1;0;0;0;0;0;0;0;0
2003 38 5;1308;024033840700;10;0;0;0;1;0;0;1;0;0;0;1;0;1
2003 38 5;1309;024033820988;10;1;0;1;0;0;0;0;0;0;0;0;0;0
2003 38 5;1310;024033820760;9;1;0;1;0;0;0;0;0;0;0;0;0;0
2003 38 5;1311;024033830116;11;1;0;0;0;0;0;0;0;0;0;0;0;0
2003 38 5;1312;024033750334;11;0;0;1;0;1;0;0;0;0;0;0;0;0
2003 38 5;1313;024033840747;11;1;0;0;0;0;1;0;0;0;0;0;0;0
2003 38 5;1314;024033820484;3;1;0;1;0;0;0;0;0;0;0;0;0;0
2003 38 5;1315;024033750258;3;0;0;1;1;0;0;0;0;0;0;1;0;0